70000.000000000000
0.330000000000
436.000000000000
222.000000000000
6.750000000000
4.000000000000
9.000000000000
1.000000000000
-1.777777777778
2.554834960712
-1.686240608855
1.202227100758
6.170285309331
-2.635589853486
6.558331479799
6.176300596868
4.000000000000
-5.333333333333
5.109669921425
-1.686240608855
0.000000000000
12.340570618662
-2.635589853486
0.000000000000
0.000000000000
-1.777777777778
5.109669921425
-5.058721826566
4.808908403032
0.000000000000
-2.635589853486
13.116662959598
0.000000000000
0.000000000000
12.000000000000
-10.666666666667
5.109669921425
0.000000000000
0.000000000000
12.340570618662
0.000000000000
0.000000000000
0.000000000000
5.109669921425
-10.117443653132
14.426725209095
0.000000000000
0.000000000000
13.116662959598
0.000000000000
0.000000000000
0.000000000000
-5.333333333333
10.219339842850
-5.058721826566
0.000000000000
0.000000000000
-2.635589853486
0.000000000000
0.000000000000
0.000000000000
1.202227100758
-1.686240608855
2.554834960712
-1.777777777778
1.000000000000
6.558331479799
-2.635589853486
6.170285309331
6.176300596868
-1.686240608855
5.109669921425
-5.333333333333
4.000000000000
0.000000000000
-2.635589853486
12.340570618662
0.000000000000
0.000000000000
4.808908403032
-5.058721826566
5.109669921425
-1.777777777778
0.000000000000
13.116662959598
-2.635589853486
0.000000000000
0.000000000000
5.109669921425
-10.666666666667
12.000000000000
0.000000000000
0.000000000000
12.340570618662
0.000000000000
0.000000000000
0.000000000000
14.426725209095
-10.117443653132
5.109669921425
0.000000000000
0.000000000000
13.116662959598
0.000000000000
0.000000000000
0.000000000000
-5.058721826566
10.219339842850
-5.333333333333
0.000000000000
0.000000000000
-2.635589853486
0.000000000000
0.000000000000
0.000000000000
