70000.000000000000
0.330000000000
436.000000000000
222.000000000000
6.750000000000
8.000000000000
25.000000000000
1.002659848083
-3.617507079503
12.228839039256
-25.600759255581
33.672672718955
-28.342907825297
15.009763978040
-4.060857072902
1.497781747933
12.075360998748
-34.159340308920
107.168170131114
-135.573918348963
120.363784522254
-38.418567102400
15.400319659223
53.412003100146
-123.485779517459
269.178190060167
-135.996959697234
61.520488986913
108.677335421421
-171.628517722115
117.324835862152
92.167117934720
8.021278784662
-25.322549556519
73.373034235536
-128.003796277905
134.690690875818
-85.028723475891
30.019527956080
-4.060857072902
0.000000000000
72.452165992489
-170.796701544601
428.672680524455
-406.721755046889
240.727569044508
-38.418567102400
0.000000000000
213.648012400582
-370.457338552376
538.356380120333
-135.996959697234
0.000000000000
217.354670842841
-171.628517722115
0.000000000000
0.000000000000
-3.617507079503
24.457678078512
-76.802277766743
134.690690875818
-141.714539126485
90.058583868241
-28.425999510313
11.982253983461
0.000000000000
-34.159340308920
214.336340262228
-406.721755046889
481.455138089016
-192.092835511998
92.401917955341
0.000000000000
-123.485779517459
538.356380120333
-407.990879091701
246.081955947653
0.000000000000
-171.628517722115
234.649671724304
0.000000000000
0.000000000000
56.148951492636
-151.935297339112
366.865171177682
-512.015185111620
404.072072627455
-170.057446951782
30.019527956080
0.000000000000
0.000000000000
362.260829962445
-683.186806178405
1286.018041573366
-813.443510093778
240.727569044508
0.000000000000
0.000000000000
640.944037201747
-740.914677104753
538.356380120333
0.000000000000
0.000000000000
217.354670842841
0.000000000000
0.000000000000
0.000000000000
24.457678078512
-153.604555533486
404.072072627455
-566.858156505941
450.292919341207
-170.555997061875
83.875777884230
0.000000000000
0.000000000000
214.336340262228
-813.443510093778
1444.365414267048
-768.371342047991
462.009589776704
0.000000000000
0.000000000000
538.356380120333
-815.981758183402
738.245867842959
0.000000000000
0.000000000000
234.649671724304
0.000000000000
0.000000000000
0.000000000000
-25.322549556519
146.746068471073
-384.011388833715
538.762763503273
-425.143617379456
180.117167736483
-28.425999510313
0.000000000000
0.000000000000
-170.796701544601
857.345361048910
-1220.165265140667
962.910276178032
-192.092835511998
0.000000000000
0.000000000000
-370.457338552376
1076.712760240667
-407.990879091701
0.000000000000
0.000000000000
-171.628517722115
0.000000000000
0.000000000000
0.000000000000
1.497781747933
-4.060857072902
15.009763978040
-28.342907825297
33.672672718955
-25.600759255581
12.228839039256
-3.617507079503
1.002659848083
15.400319659223
-38.418567102400
120.363784522254
-135.573918348963
107.168170131114
-34.159340308920
12.075360998748
61.520488986913
-135.996959697234
269.178190060167
-123.485779517459
53.412003100146
117.324835862152
-171.628517722115
108.677335421421
92.167117934720
-4.060857072902
30.019527956080
-85.028723475891
134.690690875818
-128.003796277905
73.373034235536
-25.322549556519
8.021278784662
0.000000000000
-38.418567102400
240.727569044508
-406.721755046889
428.672680524455
-170.796701544601
72.452165992489
0.000000000000
-135.996959697234
538.356380120333
-370.457338552376
213.648012400582
0.000000000000
-171.628517722115
217.354670842841
0.000000000000
0.000000000000
11.982253983461
-28.425999510313
90.058583868241
-141.714539126485
134.690690875818
-76.802277766743
24.457678078512
-3.617507079503
0.000000000000
92.401917955341
-192.092835511998
481.455138089016
-406.721755046889
214.336340262228
-34.159340308920
0.000000000000
246.081955947653
-407.990879091701
538.356380120333
-123.485779517459
0.000000000000
234.649671724304
-171.628517722115
0.000000000000
0.000000000000
30.019527956080
-170.057446951782
404.072072627455
-512.015185111620
366.865171177682
-151.935297339112
56.148951492636
0.000000000000
0.000000000000
240.727569044508
-813.443510093778
1286.018041573366
-683.186806178405
362.260829962445
0.000000000000
0.000000000000
538.356380120333
-740.914677104753
640.944037201747
0.000000000000
0.000000000000
217.354670842841
0.000000000000
0.000000000000
0.000000000000
83.875777884230
-170.555997061875
450.292919341207
-566.858156505941
404.072072627455
-153.604555533486
24.457678078512
0.000000000000
0.000000000000
462.009589776704
-768.371342047991
1444.365414267048
-813.443510093778
214.336340262228
0.000000000000
0.000000000000
738.245867842959
-815.981758183402
538.356380120333
0.000000000000
0.000000000000
234.649671724304
0.000000000000
0.000000000000
0.000000000000
-28.425999510313
180.117167736483
-425.143617379456
538.762763503273
-384.011388833715
146.746068471073
-25.322549556519
0.000000000000
0.000000000000
-192.092835511998
962.910276178032
-1220.165265140667
857.345361048910
-170.796701544601
0.000000000000
0.000000000000
-407.990879091701
1076.712760240667
-370.457338552376
0.000000000000
0.000000000000
-171.628517722115
0.000000000000
0.000000000000
0.000000000000
