70000.000000000000
0.330000000000
436.000000000000
222.000000000000
6.750000000000
12.000000000000
49.000000000000
1.000000000000
-5.333333333333
19.456790123457
-47.846364883402
93.550779860794
-142.423094943747
179.199252458741
-180.519807583021
150.292150260196
-97.427661072450
50.216792076384
-17.447007286550
4.146356669952
14.392592592593
-63.967078189300
204.931565310166
-425.394231909093
708.561404433104
-880.822409344489
898.094290392577
-683.408667645924
417.294043899493
-165.095138755355
47.082687719120
86.311133973480
-306.884031905706
846.772606554632
-1409.393331715092
1923.111868892407
-1786.391548017483
1360.365739440102
-624.895820652575
222.763787917816
276.053552774438
-736.142807398501
1704.034276385419
-2059.988103008151
2159.845914101683
-1182.635629410344
562.116934966645
496.640789852530
-882.916959737832
1651.381720991130
-1119.088162959886
797.868412480659
476.529903547391
-423.582136486570
603.996750175294
190.513909998473
12.000000000000
-58.666666666667
194.567901234568
-430.617283950617
748.406238886349
-996.961664606231
1075.195514752448
-902.599037915106
601.168601040785
-292.282983217350
100.433584152769
-17.447007286550
0.000000000000
143.925925925926
-575.703703703704
1639.452522481329
-2977.759623363648
4251.368426598627
-4404.112046722445
3592.377161570306
-2050.226002937772
834.588087798987
-165.095138755355
0.000000000000
690.489071787837
-2148.188223339939
5080.635639327791
-7046.966658575461
7692.447475569627
-5359.174644052449
2720.731478880204
-624.895820652575
0.000000000000
1656.321316646627
-3680.714036992506
6816.137105541677
-6179.964309024454
4319.691828203367
-1182.635629410344
0.000000000000
1986.563159410122
-2648.750879213496
3302.763441982260
-1119.088162959886
0.000000000000
953.059807094782
-423.582136486570
0.000000000000
0.000000000000
-5.333333333333
38.913580246914
-143.539094650206
374.203119443174
-712.115474718737
1075.195514752448
-1263.638653081149
1202.337202081569
-876.848949652049
502.167920763844
-191.917080152048
49.756280039420
0.000000000000
-63.967078189300
409.863130620332
-1276.182695727278
2834.245617732417
-4404.112046722445
5388.565742355459
-4783.860673521467
3338.352351195948
-1485.856248798197
470.826877191198
0.000000000000
-306.884031905706
1693.545213109264
-4228.179995145277
7692.447475569627
-8931.957740087415
8162.194436640612
-4374.270744568025
1782.110303342528
0.000000000000
-736.142807398501
3408.068552770838
-6179.964309024454
8639.383656406733
-5913.178147051720
3372.701609799870
0.000000000000
-882.916959737832
3302.763441982260
-3357.264488879657
3191.473649922637
0.000000000000
-423.582136486570
1207.993500350588
0.000000000000
0.000000000000
132.000000000000
-586.666666666667
1751.111111111111
-3444.938271604938
5238.843672204442
-5981.769987637387
5375.977573762239
-3610.396151660425
1803.505803122354
-584.565966434700
100.433584152769
0.000000000000
0.000000000000
1295.333333333333
-4605.629629629630
11476.167657369304
-17866.557740181888
21256.842132993133
-17616.448186889778
10777.131484710919
-4100.452005875543
834.588087798987
0.000000000000
0.000000000000
4833.423502514862
-12889.129340039632
25403.178196638954
-28187.866634301845
23077.342426708881
-10718.349288104899
2720.731478880204
0.000000000000
0.000000000000
8281.606583233137
-14722.856147970024
20448.411316625032
-12359.928618048909
4319.691828203367
0.000000000000
0.000000000000
5959.689478230365
-5297.501758426992
3302.763441982260
0.000000000000
0.000000000000
953.059807094782
0.000000000000
0.000000000000
0.000000000000
38.913580246914
-287.078189300412
1122.609358329523
-2848.461898874946
5375.977573762239
-7581.831918486894
8416.360414570985
-7014.791597216396
4519.511286874596
-1919.170801520478
547.319080433618
0.000000000000
0.000000000000
409.863130620332
-2552.365391454556
8502.736853197253
-17616.448186889778
26942.828711777296
-28703.164041128803
23368.466458371637
-11886.849990385574
4237.441894720782
0.000000000000
0.000000000000
1693.545213109264
-8456.359990290553
23077.342426708881
-35727.830960349660
40810.972183203063
-26245.624467408154
12474.772123397697
0.000000000000
0.000000000000
3408.068552770838
-12359.928618048909
25918.150969220202
-23652.712588206879
16863.508048999349
0.000000000000
0.000000000000
3302.763441982260
-6714.528977759314
9574.420949767911
0.000000000000
0.000000000000
1207.993500350588
0.000000000000
0.000000000000
0.000000000000
-58.666666666667
389.135802469136
-1291.851851851852
2993.624955545395
-4984.808323031156
6451.173088514688
-6318.193265405745
4809.348808326277
-2630.546848956148
1004.335841527688
-191.917080152048
0.000000000000
0.000000000000
-575.703703703704
3278.905044962658
-8933.278870090944
17005.473706394507
-22020.560233612225
21554.262969421838
-14351.582020564401
6676.704702391896
-1485.856248798197
0.000000000000
0.000000000000
-2148.188223339939
10161.271278655582
-21140.899975726385
30769.789902278510
-26795.873220262249
16324.388873281225
-4374.270744568025
0.000000000000
0.000000000000
-3680.714036992506
13632.274211083353
-18539.892927073364
17278.767312813467
-5913.178147051720
0.000000000000
0.000000000000
-2648.750879213496
6605.526883964520
-3357.264488879657
0.000000000000
0.000000000000
-423.582136486570
0.000000000000
0.000000000000
0.000000000000
4.146356669952
-17.447007286550
50.216792076384
-97.427661072450
150.292150260196
-180.519807583021
179.199252458741
-142.423094943747
93.550779860794
-47.846364883402
19.456790123457
-5.333333333333
1.000000000000
47.082687719120
-165.095138755355
417.294043899493
-683.408667645924
898.094290392577
-880.822409344489
708.561404433104
-425.394231909093
204.931565310166
-63.967078189300
14.392592592593
222.763787917816
-624.895820652575
1360.365739440102
-1786.391548017483
1923.111868892407
-1409.393331715092
846.772606554632
-306.884031905706
86.311133973480
562.116934966645
-1182.635629410344
2159.845914101683
-2059.988103008151
1704.034276385419
-736.142807398501
276.053552774438
797.868412480659
-1119.088162959886
1651.381720991130
-882.916959737832
496.640789852530
603.996750175294
-423.582136486570
476.529903547391
190.513909998473
-17.447007286550
100.433584152769
-292.282983217350
601.168601040785
-902.599037915106
1075.195514752448
-996.961664606231
748.406238886349
-430.617283950617
194.567901234568
-58.666666666667
12.000000000000
0.000000000000
-165.095138755355
834.588087798987
-2050.226002937772
3592.377161570306
-4404.112046722445
4251.368426598627
-2977.759623363648
1639.452522481329
-575.703703703704
143.925925925926
0.000000000000
-624.895820652575
2720.731478880204
-5359.174644052449
7692.447475569627
-7046.966658575461
5080.635639327791
-2148.188223339939
690.489071787837
0.000000000000
-1182.635629410344
4319.691828203367
-6179.964309024454
6816.137105541677
-3680.714036992506
1656.321316646627
0.000000000000
-1119.088162959886
3302.763441982260
-2648.750879213496
1986.563159410122
0.000000000000
-423.582136486570
953.059807094782
0.000000000000
0.000000000000
49.756280039420
-191.917080152048
502.167920763844
-876.848949652049
1202.337202081569
-1263.638653081149
1075.195514752448
-712.115474718737
374.203119443174
-143.539094650206
38.913580246914
-5.333333333333
0.000000000000
470.826877191198
-1485.856248798197
3338.352351195948
-4783.860673521467
5388.565742355459
-4404.112046722445
2834.245617732417
-1276.182695727278
409.863130620332
-63.967078189300
0.000000000000
1782.110303342528
-4374.270744568025
8162.194436640612
-8931.957740087415
7692.447475569627
-4228.179995145277
1693.545213109264
-306.884031905706
0.000000000000
3372.701609799870
-5913.178147051720
8639.383656406733
-6179.964309024454
3408.068552770838
-736.142807398501
0.000000000000
3191.473649922637
-3357.264488879657
3302.763441982260
-882.916959737832
0.000000000000
1207.993500350588
-423.582136486570
0.000000000000
0.000000000000
100.433584152769
-584.565966434700
1803.505803122354
-3610.396151660425
5375.977573762239
-5981.769987637387
5238.843672204442
-3444.938271604938
1751.111111111111
-586.666666666667
132.000000000000
0.000000000000
0.000000000000
834.588087798987
-4100.452005875543
10777.131484710919
-17616.448186889778
21256.842132993133
-17866.557740181888
11476.167657369304
-4605.629629629630
1295.333333333333
0.000000000000
0.000000000000
2720.731478880204
-10718.349288104899
23077.342426708881
-28187.866634301845
25403.178196638954
-12889.129340039632
4833.423502514862
0.000000000000
0.000000000000
4319.691828203367
-12359.928618048909
20448.411316625032
-14722.856147970024
8281.606583233137
0.000000000000
0.000000000000
3302.763441982260
-5297.501758426992
5959.689478230365
0.000000000000
0.000000000000
953.059807094782
0.000000000000
0.000000000000
0.000000000000
547.319080433618
-1919.170801520478
4519.511286874596
-7014.791597216396
8416.360414570985
-7581.831918486894
5375.977573762239
-2848.461898874946
1122.609358329523
-287.078189300412
38.913580246914
0.000000000000
0.000000000000
4237.441894720782
-11886.849990385574
23368.466458371637
-28703.164041128803
26942.828711777296
-17616.448186889778
8502.736853197253
-2552.365391454556
409.863130620332
0.000000000000
0.000000000000
12474.772123397697
-26245.624467408154
40810.972183203063
-35727.830960349660
23077.342426708881
-8456.359990290553
1693.545213109264
0.000000000000
0.000000000000
16863.508048999349
-23652.712588206879
25918.150969220202
-12359.928618048909
3408.068552770838
0.000000000000
0.000000000000
9574.420949767911
-6714.528977759314
3302.763441982260
0.000000000000
0.000000000000
1207.993500350588
0.000000000000
0.000000000000
0.000000000000
-191.917080152048
1004.335841527688
-2630.546848956148
4809.348808326277
-6318.193265405745
6451.173088514688
-4984.808323031156
2993.624955545395
-1291.851851851852
389.135802469136
-58.666666666667
0.000000000000
0.000000000000
-1485.856248798197
6676.704702391896
-14351.582020564401
21554.262969421838
-22020.560233612225
17005.473706394507
-8933.278870090944
3278.905044962658
-575.703703703704
0.000000000000
0.000000000000
-4374.270744568025
16324.388873281225
-26795.873220262249
30769.789902278510
-21140.899975726385
10161.271278655582
-2148.188223339939
0.000000000000
0.000000000000
-5913.178147051720
17278.767312813467
-18539.892927073364
13632.274211083353
-3680.714036992506
0.000000000000
0.000000000000
-3357.264488879657
6605.526883964520
-2648.750879213496
0.000000000000
0.000000000000
-423.582136486570
0.000000000000
0.000000000000
0.000000000000
