70000.000000000000
0.330000000000
436.000000000000
222.000000000000
6.750000000000
4.000000000000
9.000000000000
1.000000000000
-1.777777777778
3.325102880658
-2.253315043439
1.606530169859
4.797530864198
-4.264471879287
6.080821013057
5.754075598232
4.000000000000
-5.333333333333
6.650205761317
-2.253315043439
0.000000000000
9.595061728395
-4.264471879287
0.000000000000
0.000000000000
-1.777777777778
6.650205761317
-6.759945130316
6.426120679436
0.000000000000
-4.264471879287
12.161642026114
0.000000000000
0.000000000000
12.000000000000
-10.666666666667
6.650205761317
0.000000000000
0.000000000000
9.595061728395
0.000000000000
0.000000000000
0.000000000000
6.650205761317
-13.519890260631
19.278362038307
0.000000000000
0.000000000000
12.161642026114
0.000000000000
0.000000000000
0.000000000000
-5.333333333333
13.300411522634
-6.759945130316
0.000000000000
0.000000000000
-4.264471879287
0.000000000000
0.000000000000
0.000000000000
1.606530169859
-2.253315043439
3.325102880658
-1.777777777778
1.000000000000
6.080821013057
-4.264471879287
4.797530864198
5.754075598232
-2.253315043439
6.650205761317
-5.333333333333
4.000000000000
0.000000000000
-4.264471879287
9.595061728395
0.000000000000
0.000000000000
6.426120679436
-6.759945130316
6.650205761317
-1.777777777778
0.000000000000
12.161642026114
-4.264471879287
0.000000000000
0.000000000000
6.650205761317
-10.666666666667
12.000000000000
0.000000000000
0.000000000000
9.595061728395
0.000000000000
0.000000000000
0.000000000000
19.278362038307
-13.519890260631
6.650205761317
0.000000000000
0.000000000000
12.161642026114
0.000000000000
0.000000000000
0.000000000000
-6.759945130316
13.300411522634
-5.333333333333
0.000000000000
0.000000000000
-4.264471879287
0.000000000000
0.000000000000
0.000000000000
