70000.000000000000
0.330000000000
436.000000000000
222.000000000000
6.750000000000
8.000000000000
25.000000000000
1.000000000000
-3.555555555556
9.810699588477
-16.329218106996
22.281156327796
-20.697115954546
15.761184876311
-7.240037198962
2.580939186667
9.595061728395
-25.586831275720
59.228776101204
-71.601009331233
75.071864358728
-41.106016395535
19.538044829976
34.524453589392
-61.376806381141
114.797360083245
-77.794470639471
55.464576289252
55.210710554888
-49.076187159900
69.979007616895
33.109385990169
8.000000000000
-24.888888888889
58.864197530864
-81.646090534979
89.124625311182
-62.091347863639
31.522369752623
-7.240037198962
0.000000000000
57.570370370370
-127.934156378601
236.915104404816
-214.803027993700
150.143728717456
-41.106016395535
0.000000000000
138.097814357567
-184.130419143423
229.594720166491
-77.794470639471
0.000000000000
110.421421109775
-49.076187159900
0.000000000000
0.000000000000
-3.555555555556
19.621399176955
-48.987654320988
89.124625311182
-103.485579772731
94.567109257869
-50.680260392733
20.647513493336
0.000000000000
-25.586831275720
118.457552202408
-214.803027993700
300.287457434911
-205.530081977673
117.228268979858
0.000000000000
-61.376806381141
229.594720166491
-233.383411918413
221.858305157010
0.000000000000
-49.076187159900
139.958015233789
0.000000000000
0.000000000000
56.000000000000
-149.333333333333
294.320987654321
-326.584362139918
267.373875933547
-124.182695727277
31.522369752623
0.000000000000
0.000000000000
287.851851851852
-511.736625514403
710.745313214449
-429.606055987400
150.143728717456
0.000000000000
0.000000000000
414.293443072702
-368.260838286847
229.594720166491
0.000000000000
0.000000000000
110.421421109775
0.000000000000
0.000000000000
0.000000000000
19.621399176955
-97.975308641975
267.373875933547
-413.942319090925
472.835546289345
-304.081562356399
144.532594453350
0.000000000000
0.000000000000
118.457552202408
-429.606055987400
900.862372304734
-822.120327910691
586.141344899288
0.000000000000
0.000000000000
229.594720166491
-466.766823836826
665.574915471030
0.000000000000
0.000000000000
139.958015233789
0.000000000000
0.000000000000
0.000000000000
-24.888888888889
117.728395061728
-244.938271604938
356.498501244729
-310.456739318193
189.134218515738
-50.680260392733
0.000000000000
0.000000000000
-127.934156378601
473.830208809633
-644.409083981101
600.574914869822
-205.530081977673
0.000000000000
0.000000000000
-184.130419143423
459.189440332982
-233.383411918413
0.000000000000
0.000000000000
-49.076187159900
0.000000000000
0.000000000000
0.000000000000
2.580939186667
-7.240037198962
15.761184876311
-20.697115954546
22.281156327796
-16.329218106996
9.810699588477
-3.555555555556
1.000000000000
19.538044829976
-41.106016395535
75.071864358728
-71.601009331233
59.228776101204
-25.586831275720
9.595061728395
55.464576289252
-77.794470639471
114.797360083245
-61.376806381141
34.524453589392
69.979007616895
-49.076187159900
55.210710554888
33.109385990169
-7.240037198962
31.522369752623
-62.091347863639
89.124625311182
-81.646090534979
58.864197530864
-24.888888888889
8.000000000000
0.000000000000
-41.106016395535
150.143728717456
-214.803027993700
236.915104404816
-127.934156378601
57.570370370370
0.000000000000
-77.794470639471
229.594720166491
-184.130419143423
138.097814357567
0.000000000000
-49.076187159900
110.421421109775
0.000000000000
0.000000000000
20.647513493336
-50.680260392733
94.567109257869
-103.485579772731
89.124625311182
-48.987654320988
19.621399176955
-3.555555555556
0.000000000000
117.228268979858
-205.530081977673
300.287457434911
-214.803027993700
118.457552202408
-25.586831275720
0.000000000000
221.858305157010
-233.383411918413
229.594720166491
-61.376806381141
0.000000000000
139.958015233789
-49.076187159900
0.000000000000
0.000000000000
31.522369752623
-124.182695727277
267.373875933547
-326.584362139918
294.320987654321
-149.333333333333
56.000000000000
0.000000000000
0.000000000000
150.143728717456
-429.606055987400
710.745313214449
-511.736625514403
287.851851851852
0.000000000000
0.000000000000
229.594720166491
-368.260838286847
414.293443072702
0.000000000000
0.000000000000
110.421421109775
0.000000000000
0.000000000000
0.000000000000
144.532594453350
-304.081562356399
472.835546289345
-413.942319090925
267.373875933547
-97.975308641975
19.621399176955
0.000000000000
0.000000000000
586.141344899288
-822.120327910691
900.862372304734
-429.606055987400
118.457552202408
0.000000000000
0.000000000000
665.574915471030
-466.766823836826
229.594720166491
0.000000000000
0.000000000000
139.958015233789
0.000000000000
0.000000000000
0.000000000000
-50.680260392733
189.134218515738
-310.456739318193
356.498501244729
-244.938271604938
117.728395061728
-24.888888888889
0.000000000000
0.000000000000
-205.530081977673
600.574914869822
-644.409083981101
473.830208809633
-127.934156378601
0.000000000000
0.000000000000
-233.383411918413
459.189440332982
-184.130419143423
0.000000000000
0.000000000000
-49.076187159900
0.000000000000
0.000000000000
0.000000000000
