 Abaqus/Standard 6.14-2                  DATE 06-Apr-2023 TIME 10:24:20
 SUMMARY OF JOB INFORMATION:
 STEP  INC ATT SEVERE EQUIL TOTAL  TOTAL      STEP       INC OF       DOF    IF
               DISCON ITERS ITERS  TIME/    TIME/LPF    TIME/LPF    MONITOR RIKS
               ITERS               FREQ
   1     1   1     1     3     4  0.0100     0.0100     0.01000   
   1     2   1     0     1     1  0.0200     0.0200     0.01000   
   1     3   1     0     1     1  0.0350     0.0350     0.01500   
   1     4   1     0     1     1  0.0575     0.0575     0.02250   
   1     5   1     0     1     1  0.0825     0.0825     0.02500   
   1     6   1     0     1     1  0.108      0.108      0.02500   
   1     7   1     0     1     1  0.133      0.133      0.02500   
   1     8   1     0     1     1  0.158      0.158      0.02500   
   1     9   1     0     1     1  0.183      0.183      0.02500   
   1    10   1     0     1     1  0.207      0.207      0.02500   
   1    11   1     0     1     1  0.232      0.232      0.02500   
   1    12   1     0     1     1  0.258      0.258      0.02500   
   1    13   1     0     1     1  0.283      0.283      0.02500   
   1    14   1     0     1     1  0.308      0.308      0.02500   
   1    15   1     0     1     1  0.333      0.333      0.02500   
   1    16   1     0     1     1  0.358      0.358      0.02500   
   1    17   1     0     1     1  0.383      0.383      0.02500   
   1    18   1     0     1     1  0.408      0.408      0.02500   
   1    19   1     0     1     1  0.433      0.433      0.02500   
   1    20   1     1     1     2  0.458      0.458      0.02500   
   1    21   1     1     1     2  0.483      0.483      0.02500   
   1    22   1     1     1     2  0.508      0.508      0.02500   
   1    23   1     1     1     2  0.533      0.533      0.02500   
   1    24   1     1     1     2  0.558      0.558      0.02500   
   1    25   1     1     1     2  0.583      0.583      0.02500   
   1    26   1     0     1     1  0.608      0.608      0.02500   
   1    27   1     0     1     1  0.633      0.633      0.02500   
   1    28   1     0     1     1  0.658      0.658      0.02500   
   1    29   1     0     1     1  0.683      0.683      0.02500   
   1    30   1     0     1     1  0.708      0.708      0.02500   
   1    31   1     0     1     1  0.733      0.733      0.02500   
   1    32   1     0     1     1  0.758      0.758      0.02500   
   1    33   1     1     1     2  0.783      0.783      0.02500   
   1    34   1     0     1     1  0.808      0.808      0.02500   
   1    35   1     0     1     1  0.833      0.833      0.02500   
   1    36   1     1     1     2  0.858      0.858      0.02500   
   1    37   1     0     1     1  0.883      0.883      0.02500   
   1    38   1     0     1     1  0.908      0.908      0.02500   
   1    39   1     0     1     1  0.933      0.933      0.02500   
   1    40   1     0     1     1  0.958      0.958      0.02500   
   1    41   1     0     1     1  0.983      0.983      0.02500   
   1    42   1     3     0     3  1.00       1.00       0.01750   
   2     1   1     2     1     3  1.00       1.00e-006  1.000e-006
   2     2   1     1     0     1  1.00       2.00e-006  1.000e-006
   2     3   1     0     1     1  1.00       3.50e-006  1.500e-006
   2     4   1     0     1     1  1.00       5.75e-006  2.250e-006
   2     5   1     0     1     1  1.00       9.12e-006  3.375e-006
   2     6   1     0     1     1  1.00       1.42e-005  5.062e-006
   2     7   1     0     1     1  1.00       2.18e-005  7.594e-006
   2     8   1     0     1     1  1.00       3.32e-005  1.139e-005
   2     9   1     0     1     1  1.00       5.03e-005  1.709e-005
   2    10   1     0     1     1  1.00       7.59e-005  2.563e-005
   2    11   1     0     1     1  1.00       0.000114   3.844e-005
   2    12   1     1     1     2  1.00       0.000172   5.767e-005
   2    13   1     1     1     2  1.00       0.000258   8.650e-005
   2    14   1     0     1     1  1.00       0.000388   0.0001297 
   2    15   1     1     1     2  1.00       0.000583   0.0001946 
   2    16   1     1     1     2  1.00       0.000875   0.0002919 
   2    17   1     1     1     2  1.00       0.00131    0.0004379 
   2    18   1     0     1     1  1.00       0.00197    0.0006568 
   2    19   1     1     1     2  1.00       0.00295    0.0009853 
   2    20   1     1     1     2  1.00       0.00443    0.001478  
   2    21   1     0     2     2  1.01       0.00665    0.002217  
   2    22   1     1     1     2  1.01       0.00997    0.003325  
   2    23   1     1     1     2  1.01       0.0150     0.004988  
   2    24   1     1     1     2  1.02       0.0224     0.007482  
   2    25   1     1     1     2  1.03       0.0337     0.01122   
   2    26   1     1     1     2  1.05       0.0505     0.01683   
   2    27   1     1     1     2  1.08       0.0755     0.02500   
   2    28   1     1     1     2  1.10       0.101      0.02500   
   2    29   1     1     1     2  1.13       0.126      0.02500   
   2    30   1     0     1     1  1.15       0.151      0.02500   
   2    31   1     0     1     1  1.18       0.176      0.02500   
   2    32   1     1     1     2  1.20       0.201      0.02500   
   2    33   1     1     1     2  1.23       0.226      0.02500   
   2    34   1     1     1     2  1.25       0.251      0.02500   
   2    35   1     0     1     1  1.28       0.276      0.02500   
   2    36   1     0     1     1  1.30       0.301      0.02500   
   2    37   1     0     1     1  1.33       0.326      0.02500   
   2    38   1     0     1     1  1.35       0.351      0.02500   
   2    39   1     0     1     1  1.38       0.376      0.02500   
   2    40   1     0     1     1  1.40       0.401      0.02500   
   2    41   1     0     1     1  1.43       0.426      0.02500   
   2    42   1     0     1     1  1.45       0.451      0.02500   
   2    43   1     0     1     1  1.48       0.476      0.02500   
   2    44   1     0     1     1  1.50       0.501      0.02500   
   2    45   1     0     1     1  1.53       0.526      0.02500   
   2    46   1     1     1     2  1.55       0.551      0.02500   
   2    47   1     0     1     1  1.58       0.576      0.02500   
   2    48   1     0     1     1  1.60       0.601      0.02500   
   2    49   1     0     1     1  1.63       0.626      0.02500   
   2    50   1     0     1     1  1.65       0.651      0.02500   
   2    51   1     0     1     1  1.68       0.676      0.02500   
   2    52   1     0     1     1  1.70       0.701      0.02500   
   2    53   1     0     1     1  1.73       0.726      0.02500   
   2    54   1     0     1     1  1.75       0.751      0.02500   
   2    55   1     0     1     1  1.78       0.776      0.02500   
   2    56   1     0     1     1  1.80       0.801      0.02500   
   2    57   1     0     1     1  1.83       0.826      0.02500   
   2    58   1     1     4     5  1.85       0.851      0.02500   
   2    59   1     0     2     2  1.88       0.876      0.02500   
   2    60   1     0     2     2  1.90       0.901      0.02500   
   2    61   1     0     2     2  1.93       0.926      0.02500   
   2    62   1     0     2     2  1.95       0.951      0.02500   
   2    63   1     0     2     2  1.98       0.976      0.02500   
   2    64   1     0     2     2  2.00       1.00       0.02450   
   3     1   1     2     0     2  2.00       1.00e-005  1.000e-005
   3     2   1     1     0     1  2.00       2.00e-005  1.000e-005
   3     3   1     0     1     1  2.00       3.50e-005  1.500e-005
   3     4   1     1     0     1  2.00       5.75e-005  2.250e-005
   3     5   1     1     0     1  2.00       9.13e-005  3.375e-005
   3     6   1     1     0     1  2.00       0.000142   5.063e-005
   3     7   1     1     0     1  2.00       0.000218   7.594e-005
   3     8   1     1     4     5  2.00       0.000332   0.0001139 
   3     9   1     5     1     6  2.00       0.000503   0.0001709 
   3    10   1     4     1     5  2.00       0.000759   0.0002563 
   3    11   1     2     2     4  2.00       0.00114    0.0003844 
   3    12   1     2     2     4  2.00       0.00172    0.0005767 
   3    13   1     1     4     5  2.00       0.00258    0.0008650 
   3    14   1     1     1     2  2.00       0.00358    0.001000  
   3    15   1     1     1     2  2.00       0.00458    0.001000  
   3    16   1     0     4     4  2.01       0.00558    0.001000  
   3    17   1     0     2     2  2.01       0.00658    0.001000  
   3    18   1     0     2     2  2.01       0.00758    0.001000  
   3    19   1     0     3     3  2.01       0.00858    0.001000  
   3    20   1     2     1     3  2.01       0.00958    0.001000  
   3    21   1     0     2     2  2.01       0.0106     0.001000  
   3    22   1     0     2     2  2.01       0.0116     0.001000  
   3    23   1     0     3     3  2.01       0.0126     0.001000  
   3    24   1     0     2     2  2.01       0.0136     0.001000  
   3    25   1     0     2     2  2.01       0.0146     0.001000  
   3    26   1     0     2     2  2.02       0.0156     0.001000  
   3    27   1     0     2     2  2.02       0.0166     0.001000  
   3    28   1     0     2     2  2.02       0.0176     0.001000  
   3    29   1     0     2     2  2.02       0.0186     0.001000  
   3    30   1     0     2     2  2.02       0.0196     0.001000  
   3    31   1     0     2     2  2.02       0.0206     0.001000  
   3    32   1     0     2     2  2.02       0.0216     0.001000  
   3    33   1     0     2     2  2.02       0.0226     0.001000  
   3    34   1     0     2     2  2.02       0.0236     0.001000  
   3    35   1     0     2     2  2.02       0.0246     0.001000  
   3    36   1     0     3     3  2.03       0.0256     0.001000  
   3    37   1     2     0     2  2.03       0.0266     0.001000  
   3    38   1     1     1     2  2.03       0.0276     0.001000  
   3    39   1     1     1     2  2.03       0.0286     0.001000  
   3    40   1     1     1     2  2.03       0.0296     0.001000  
   3    41   1     5     0     5  2.03       0.0306     0.001000  
   3    42   1     3     2     5  2.03       0.0316     0.001000  
   3    43   1     4     2     6  2.03       0.0326     0.001000  
   3    44   1     3     2     5  2.03       0.0336     0.001000  
   3    45   1     3     2     5  2.03       0.0346     0.001000  
   3    46   1     2     3     5  2.04       0.0356     0.001000  
   3    47   1     1     2     3  2.04       0.0366     0.001000  
   3    48   1     1     2     3  2.04       0.0376     0.001000  
   3    49   1     1     1     2  2.04       0.0386     0.001000  
   3    50   1     1     3     4  2.04       0.0396     0.001000  
   3    51   1     1     1     2  2.04       0.0406     0.001000  
   3    52   1     1     1     2  2.04       0.0416     0.001000  
   3    53   1     1     0     1  2.04       0.0426     0.001000  
   3    54   1     1     1     2  2.04       0.0436     0.001000  
   3    55   1     1     1     2  2.04       0.0446     0.001000  
   3    56   1     1     1     2  2.05       0.0456     0.001000  
   3    57   1     1     1     2  2.05       0.0466     0.001000  
   3    58   1     2     0     2  2.05       0.0476     0.001000  
   3    59   1     1     1     2  2.05       0.0486     0.001000  
   3    60   1     2     1     3  2.05       0.0496     0.001000  
   3    61   1     1     1     2  2.05       0.0506     0.001000  
   3    62   1     1     1     2  2.05       0.0516     0.001000  
   3    63   1     2     2     4  2.05       0.0526     0.001000  
   3    64   1     3     0     3  2.05       0.0536     0.001000  
   3    65   1     1     1     2  2.05       0.0546     0.001000  
   3    66   1     2     0     2  2.06       0.0556     0.001000  
   3    67   1     1     1     2  2.06       0.0566     0.001000  
   3    68   1     1     1     2  2.06       0.0576     0.001000  
   3    69   1     1     1     2  2.06       0.0586     0.001000  
   3    70   1     1     1     2  2.06       0.0596     0.001000  
   3    71   1     1     1     2  2.06       0.0606     0.001000  
   3    72   1     2     0     2  2.06       0.0616     0.001000  
   3    73   1     1     1     2  2.06       0.0626     0.001000  
   3    74   1     1     1     2  2.06       0.0636     0.001000  
   3    75   1     2     0     2  2.06       0.0646     0.001000  
   3    76   1     1     1     2  2.07       0.0656     0.001000  
   3    77   1     1     1     2  2.07       0.0666     0.001000  
   3    78   1     1     1     2  2.07       0.0676     0.001000  
   3    79   1     2     0     2  2.07       0.0686     0.001000  
   3    80   1     1     1     2  2.07       0.0696     0.001000  
   3    81   1     1     2     3  2.07       0.0706     0.001000  
   3    82   1     4     1     5  2.07       0.0716     0.001000  
   3    83   1     3     2     5  2.07       0.0726     0.001000  
   3    84   1     3     2     5  2.07       0.0736     0.001000  
   3    85   1     2     0     2  2.07       0.0746     0.001000  
   3    86   1     1     1     2  2.08       0.0756     0.001000  
   3    87   1     1     1     2  2.08       0.0766     0.001000  
   3    88   1     2     0     2  2.08       0.0776     0.001000  
   3    89   1     1     2     3  2.08       0.0786     0.001000  
   3    90   1     2     0     2  2.08       0.0796     0.001000  
   3    91   1     2     0     2  2.08       0.0806     0.001000  
   3    92   1     1     0     1  2.08       0.0816     0.001000  
   3    93   1     1     0     1  2.08       0.0826     0.001000  
   3    94   1     1     0     1  2.08       0.0836     0.001000  
   3    95   1     2     3     5  2.08       0.0846     0.001000  
   3    96   1     2     3     5  2.09       0.0856     0.001000  
   3    97   1     2     3     5  2.09       0.0866     0.001000  
   3    98   1     1     4     5  2.09       0.0876     0.001000  
   3    99   1     4     1     5  2.09       0.0886     0.001000  
   3   100   1     3     2     5  2.09       0.0896     0.001000  
   3   101   1     3     0     3  2.09       0.0906     0.001000  
   3   102   1     3     0     3  2.09       0.0916     0.001000  
   3   103   1     2     1     3  2.09       0.0926     0.001000  
   3   104   1     2     0     2  2.09       0.0936     0.001000  
   3   105   1     2     0     2  2.09       0.0946     0.001000  
   3   106   1     2     0     2  2.10       0.0956     0.001000  
   3   107   1     2     0     2  2.10       0.0966     0.001000  
   3   108   1     1     0     1  2.10       0.0976     0.001000  
   3   109   1     1     0     1  2.10       0.0986     0.001000  
   3   110   1     1     0     1  2.10       0.0996     0.001000  
   3   111   1     1     0     1  2.10       0.101      0.001000  
   3   112   1     2     0     2  2.10       0.102      0.001000  
   3   113   1     5     1     6  2.10       0.103      0.001000  
   3   114   1     5     0     5  2.10       0.104      0.001000  
   3   115   1     3     2     5  2.10       0.105      0.001000  
   3   116   1     3     2     5  2.11       0.106      0.001000  
   3   117   1     3     2     5  2.11       0.107      0.001000  
   3   118   1     2     3     5  2.11       0.108      0.001000  
   3   119   1     2     3     5  2.11       0.109      0.001000  
   3   120   1     1     4     5  2.11       0.110      0.001000  
   3   121   1     2     3     5  2.11       0.111      0.001000  
   3   122   1     1     4     5  2.11       0.112      0.001000  
   3   123   1     2     3     5  2.11       0.113      0.001000  
   3   124   1     2     1     3  2.11       0.114      0.001000  
   3   125   1     2     1     3  2.11       0.115      0.001000  
   3   126   1     2     1     3  2.12       0.116      0.001000  
   3   127   1     1     1     2  2.12       0.117      0.001000  
   3   128   1     2     0     2  2.12       0.118      0.001000  
   3   129   1     2     0     2  2.12       0.119      0.001000  
   3   130   1     2     0     2  2.12       0.120      0.001000  
   3   131   1     1     0     1  2.12       0.121      0.001000  
   3   132   1     1     0     1  2.12       0.122      0.001000  
   3   133   1     1     0     1  2.12       0.123      0.001000  
   3   134   1     1     0     1  2.12       0.124      0.001000  
   3   135   1     1     0     1  2.12       0.125      0.001000  
   3   136   1     4     1     5  2.13       0.126      0.001000  
   3   137   1     3     2     5  2.13       0.127      0.001000  
   3   138   1     3     2     5  2.13       0.128      0.001000  
   3   139   1     1     4     5  2.13       0.129      0.001000  
   3   140   1     2     3     5  2.13       0.130      0.001000  
   3   141   1     2     3     5  2.13       0.131      0.001000  
   3   142   1     1     4     5  2.13       0.132      0.001000  
   3   143   1     3     2     5  2.13       0.133      0.001000  
   3   144   1     1     1     2  2.13       0.134      0.001000  
   3   145   1     1     1     2  2.13       0.135      0.001000  
   3   146   1     1     2     3  2.14       0.136      0.001000  
   3   147   1     1     2     3  2.14       0.137      0.001000  
   3   148   1     1     2     3  2.14       0.138      0.001000  
   3   149   1     3     0     3  2.14       0.139      0.001000  
   3   150   1     2     0     2  2.14       0.140      0.001000  
   3   151   1     1     0     1  2.14       0.141      0.001000  
   3   152   1     1     0     1  2.14       0.142      0.001000  
   3   153   1     1     0     1  2.14       0.143      0.001000  
   3   154   1     1     0     1  2.14       0.144      0.001000  
   3   155   1     1     0     1  2.14       0.145      0.001000  
   3   156   1     1     0     1  2.15       0.146      0.001000  
   3   157   1     1     0     1  2.15       0.147      0.001000  
   3   158   1     2     0     2  2.15       0.148      0.001000  
   3   159   1     5     0     5  2.15       0.149      0.001000  
   3   160   1     3     2     5  2.15       0.150      0.001000  
   3   161   1     4     1     5  2.15       0.151      0.001000  
   3   162   1     5     1     6  2.15       0.152      0.001000  
   3   163   1     2     3     5  2.15       0.153      0.001000  
   3   164   1     3     2     5  2.15       0.154      0.001000  
   3   165   1     2     0     2  2.15       0.155      0.001000  
   3   166   1     1     0     1  2.16       0.156      0.001000  
   3   167   1     1     1     2  2.16       0.157      0.001000  
   3   168   1     2     0     2  2.16       0.158      0.001000  
   3   169   1     1     0     1  2.16       0.159      0.001000  
   3   170   1     1     0     1  2.16       0.160      0.001000  
   3   171   1     1     0     1  2.16       0.161      0.001000  
   3   172   1     2     0     2  2.16       0.162      0.001000  
   3   173   1     1     1     2  2.16       0.163      0.001000  
   3   174   1     2     0     2  2.16       0.164      0.001000  
   3   175   1     1     1     2  2.16       0.165      0.001000  
   3   176   1     2     0     2  2.17       0.166      0.001000  
   3   177   1     2     0     2  2.17       0.167      0.001000  
   3   178   1     2     0     2  2.17       0.168      0.001000  
   3   179   1     1     0     1  2.17       0.169      0.001000  
   3   180   1     1     1     2  2.17       0.170      0.001000  
   3   181   1     2     0     2  2.17       0.171      0.001000  
   3   182   1     1     0     1  2.17       0.172      0.001000  
   3   183   1     1     0     1  2.17       0.173      0.001000  
   3   184   1     1     0     1  2.17       0.174      0.001000  
   3   185   1     1     0     1  2.17       0.175      0.001000  
   3   186   1     1     0     1  2.18       0.176      0.001000  
   3   187   1     1     0     1  2.18       0.177      0.001000  
   3   188   1     1     0     1  2.18       0.178      0.001000  
   3   189   1     5     0     5  2.18       0.179      0.001000  
   3   190   1     4     1     5  2.18       0.180      0.001000  
   3   191   1     4     1     5  2.18       0.181      0.001000  
   3   192   1     4     1     5  2.18       0.182      0.001000  
   3   193   1     4     1     5  2.18       0.183      0.001000  
   3   194   1     2     4     6  2.18       0.184      0.001000  
   3   195   1     3     0     3  2.18       0.185      0.001000  
   3   196   1     2     0     2  2.19       0.186      0.001000  
   3   197   1     4     1     5  2.19       0.187      0.001000  
   3   198   1     2     1     3  2.19       0.188      0.001000  
   3   199   1     3     0     3  2.19       0.189      0.001000  
   3   200   1     3     0     3  2.19       0.190      0.001000  
   3   201   1     1     4     5  2.19       0.191      0.001000  
   3   202   1     2     1     3  2.19       0.192      0.001000  
   3   203   1     2     1     3  2.19       0.193      0.001000  
   3   204   1     4     0     4  2.19       0.194      0.001000  
   3   205   1     1     2     3  2.19       0.195      0.001000  
   3   206   1     3     2     5  2.20       0.196      0.001000  
   3   207   1     2     2     4  2.20       0.197      0.001000  
   3   208   1     2     2     4  2.20       0.198      0.001000  
   3   209   1     2     3     5  2.20       0.199      0.001000  
   3   210   1     3     2     5  2.20       0.200      0.001000  
   3   211   1     3     2     5  2.20       0.201      0.001000  
   3   212   1     3     2     5  2.20       0.202      0.001000  
   3   213   1     2     3     5  2.20       0.203      0.001000  
   3   214   1     2     3     5  2.20       0.204      0.001000  
   3   215   1     2     0     2  2.20       0.205      0.001000  
   3   216   1     2     0     2  2.21       0.206      0.001000  
   3   217   1     1     1     2  2.21       0.207      0.001000  
   3   218   1     2     1     3  2.21       0.208      0.001000  
   3   219   1     1     0     1  2.21       0.209      0.001000  
   3   220   1     2     0     2  2.21       0.210      0.001000  
   3   221   1     1     0     1  2.21       0.211      0.001000  
   3   222   1     2     0     2  2.21       0.212      0.001000  
   3   223   1     4     1     5  2.21       0.213      0.001000  
   3   224   1     5     0     5  2.21       0.214      0.001000  
   3   225   1     4     1     5  2.21       0.215      0.001000  
   3   226   1     6     0     6  2.22       0.216      0.001000  
   3   227   1     4     1     5  2.22       0.217      0.001000  
   3   228   1     4     1     5  2.22       0.218      0.001000  
   3   229   1     3     0     3  2.22       0.219      0.001000  
   3   230   1     4     1     5  2.22       0.220      0.001000  
   3   231   1     5     0     5  2.22       0.221      0.001000  
   3   232   1     3     0     3  2.22       0.222      0.001000  
   3   233   1     2     2     4  2.22       0.223      0.001000  
   3   234   1     4     1     5  2.22       0.224      0.001000  
   3   235   1     1     4     5  2.22       0.225      0.001000  
   3   236   1     3     2     5  2.23       0.226      0.001000  
   3   237   1     2     1     3  2.23       0.227      0.001000  
   3   238   1     3     2     5  2.23       0.228      0.001000  
   3   239   1     3     2     5  2.23       0.229      0.001000  
   3   240   1     4     1     5  2.23       0.230      0.001000  
   3   241   1     3     2     5  2.23       0.231      0.001000  
   3   242   1     3     2     5  2.23       0.232      0.001000  
   3   243   1     3     2     5  2.23       0.233      0.001000  
   3   244   1     2     0     2  2.23       0.234      0.001000  
   3   245   1     3     0     3  2.23       0.235      0.001000  
   3   246   1     3     0     3  2.24       0.236      0.001000  
   3   247   1     3     0     3  2.24       0.237      0.001000  
   3   248   1     5     0     5  2.24       0.238      0.001000  
   3   249   1     5     0     5  2.24       0.239      0.001000  
   3   250   1     5     0     5  2.24       0.240      0.001000  
   3   251   1     5     0     5  2.24       0.241      0.001000  
   3   252   1     4     1     5  2.24       0.242      0.001000  
   3   253   1     5     0     5  2.24       0.243      0.001000  
   3   254   1     3     1     4  2.24       0.244      0.001000  
   3   255   1     5     0     5  2.24       0.245      0.001000  
   3   256   1     5     0     5  2.25       0.246      0.001000  
   3   257   1     3     3     6  2.25       0.247      0.001000  
   3   258   1     4     1     5  2.25       0.248      0.001000  
   3   259   1     4     1     5  2.25       0.249      0.001000  
   3   260   1     2     3     5  2.25       0.250      0.001000  
   3   261   1     3     0     3  2.25       0.251      0.001000  
   3   262   1     3     2     5  2.25       0.252      0.001000  
   3   263   1     5     0     5  2.25       0.253      0.001000  
   3   264   1     4     1     5  2.25       0.254      0.001000  
   3   265   1     2     3     5  2.25       0.255      0.001000  
   3   266   1     2     1     3  2.26       0.256      0.001000  
   3   267   1     2     1     3  2.26       0.257      0.001000  
   3   268   1     2     1     3  2.26       0.258      0.001000  
   3   269   1     4     1     5  2.26       0.259      0.001000  
   3   270   1     4     1     5  2.26       0.260      0.001000  
   3   271   1     5     0     5  2.26       0.261      0.001000  
   3   272   1     5     0     5  2.26       0.262      0.001000  
   3   273   1     3     0     3  2.26       0.263      0.001000  
   3   274   1     4     0     4  2.26       0.264      0.001000  
   3   275   1     5     0     5  2.26       0.265      0.001000  
   3   276   1     5     0     5  2.27       0.266      0.001000  
   3   277   1     5     0     5  2.27       0.267      0.001000  
   3   278   1     4     2     6  2.27       0.268      0.001000  
   3   279   1     5     1     6  2.27       0.269      0.001000  
   3   280   1     4     1     5  2.27       0.270      0.001000  
   3   281   1     3     2     5  2.27       0.271      0.001000  
   3   282   1     3     1     4  2.27       0.272      0.001000  
   3   283   1     3     0     3  2.27       0.273      0.001000  
   3   284   1     3     3     6  2.27       0.274      0.001000  
   3   285   1     3     2     5  2.27       0.275      0.001000  
   3   286   1     2     3     5  2.28       0.276      0.001000  
   3   287   1     5     1     6  2.28       0.277      0.001000  
   3   288   1     5     0     5  2.28       0.278      0.001000  
   3   289   1     5     0     5  2.28       0.279      0.001000  
   3   290   1     5     0     5  2.28       0.280      0.001000  
   3   291   1     5     0     5  2.28       0.281      0.001000  
   3   292   1     3     0     3  2.28       0.282      0.001000  
   3   293   1     3     0     3  2.28       0.283      0.001000  
   3   294   1     4     0     4  2.28       0.284      0.001000  
   3   295   1     5     0     5  2.28       0.285      0.001000  
   3   296   1     4     1     5  2.29       0.286      0.001000  
   3   297   1     5     0     5  2.29       0.287      0.001000  
   3   298   1     4     1     5  2.29       0.288      0.001000  
   3   299   1     5     0     5  2.29       0.289      0.001000  
   3   300   1     5     0     5  2.29       0.290      0.001000  
   3   301   1     4     1     5  2.29       0.291      0.001000  
   3   302   1     3     2     5  2.29       0.292      0.001000  
   3   303   1     6     0     6  2.29       0.293      0.001000  
   3   304   1     4     1     5  2.29       0.294      0.001000  
   3   305   1     3     2     5  2.29       0.295      0.001000  
   3   306   1     4     1     5  2.30       0.296      0.001000  
   3   307   1     5     0     5  2.30       0.297      0.001000  
   3   308   1     5     0     5  2.30       0.298      0.001000  
   3   309   1     5     0     5  2.30       0.299      0.001000  
   3   310   1     2     3     5  2.30       0.300      0.001000  
   3   311   1     5     1     6  2.30       0.301      0.001000  
   3   312   1     2     0     2  2.30       0.302      0.001000  
   3   313   1     4     0     4  2.30       0.303      0.001000  
   3   314   1     3     3     6  2.30       0.304      0.001000  
   3   315   1     2     3     5  2.30       0.305      0.001000  
   3   316   1     5     0     5  2.31       0.306      0.001000  
   3   317   1     4     1     5  2.31       0.307      0.001000  
   3   318   1     3     2     5  2.31       0.308      0.001000  
   3   319   1     3     0     3  2.31       0.309      0.001000  
   3   320   1     6     0     6  2.31       0.310      0.001000  
   3   321   1     4     2     6  2.31       0.311      0.001000  
   3   322   1     6     0     6  2.31       0.312      0.001000  
   3   323   1     6     0     6  2.31       0.313      0.001000  
   3   324   1     6     0     6  2.31       0.314      0.001000  
   3   325   1     3     3     6  2.31       0.315      0.001000  
   3   326   1     6     0     6  2.32       0.316      0.001000  
   3   327   1     5     1     6  2.32       0.317      0.001000  
   3   328   1     4     1     5  2.32       0.318      0.001000  
   3   329   1     3     0     3  2.32       0.319      0.001000  
   3   330   1     5     1     6  2.32       0.320      0.001000  
   3   331   1     4     0     4  2.32       0.321      0.001000  
   3   332   1     4     0     4  2.32       0.322      0.001000  
   3   333   1     2     1     3  2.32       0.323      0.001000  
   3   334   1     3     0     3  2.32       0.324      0.001000  
   3   335   1     4     2     6  2.32       0.325      0.001000  
   3   336   1     3     2     5  2.33       0.326      0.001000  
   3   337   1     6     0     6  2.33       0.327      0.001000  
   3   338   1     4     2     6  2.33       0.328      0.001000  
   3   339   1     3     2     5  2.33       0.329      0.001000  
   3   340   1     3     3     6  2.33       0.330      0.001000  
   3   341   1     5     0     5  2.33       0.331      0.001000  
   3   342   1     5     0     5  2.33       0.332      0.001000  
   3   343   1     3     0     3  2.33       0.333      0.001000  
   3   344   1     4     1     5  2.33       0.334      0.001000  
   3   345   1     3     1     4  2.33       0.335      0.001000  
   3   346   1     3     1     4  2.34       0.336      0.001000  
   3   347   1     3     0     3  2.34       0.337      0.001000  
   3   348   1     4     2     6  2.34       0.338      0.001000  
   3   349   1     3     2     5  2.34       0.339      0.001000  
   3   350   1     6     0     6  2.34       0.340      0.001000  
   3   351   1     4     0     4  2.34       0.341      0.001000  
   3   352   1     6     0     6  2.34       0.342      0.001000  
   3   353   1     3     0     3  2.34       0.343      0.001000  
   3   354   1     4     1     5  2.34       0.344      0.001000  
   3   355   1     5     0     5  2.34       0.345      0.001000  
   3   356   1     4     2     6  2.35       0.346      0.001000  
   3   357   1     4     1     5  2.35       0.347      0.001000  
   3   358   1     4     1     5  2.35       0.348      0.001000  
   3   359   1     5     0     5  2.35       0.349      0.001000  
   3   360   1     5     1     6  2.35       0.350      0.001000  
   3   361   1     5     1     6  2.35       0.351      0.001000  
   3   362   1     3     0     3  2.35       0.352      0.001000  
   3   363   1     5     0     5  2.35       0.353      0.001000  
   3   364   1     5     0     5  2.35       0.354      0.001000  
   3   365   1     6     0     6  2.35       0.355      0.001000  
   3   366   1     5     0     5  2.36       0.356      0.001000  
   3   367   1     6     0     6  2.36       0.357      0.001000  
   3   368   1     6     0     6  2.36       0.358      0.001000  
   3   369   1     5     1     6  2.36       0.359      0.001000  
   3   370   1     4     1     5  2.36       0.360      0.001000  
   3   371   1     5     0     5  2.36       0.361      0.001000  
   3   372   1     3     2     5  2.36       0.362      0.001000  
   3   373   1     4     0     4  2.36       0.363      0.001000  
   3   374   1     2     1     3  2.36       0.364      0.001000  
   3   375   1     6     0     6  2.36       0.365      0.001000  
   3   376   1     5     1     6  2.37       0.366      0.001000  
   3   377   1     5     0     5  2.37       0.367      0.001000  
   3   378   1     6     0     6  2.37       0.368      0.001000  
   3   379   1     5     1     6  2.37       0.369      0.001000  
   3   380   1     5     0     5  2.37       0.370      0.001000  
   3   381   1     5     1     6  2.37       0.371      0.001000  
   3   382   1     3     1     4  2.37       0.372      0.001000  
   3   383   1     5     0     5  2.37       0.373      0.001000  
   3   384   1     6     0     6  2.37       0.374      0.001000  
   3   385   1     5     0     5  2.37       0.375      0.001000  
   3   386   1     5     1     6  2.38       0.376      0.001000  
   3   387   1     6     0     6  2.38       0.377      0.001000  
   3   388   1     5     1     6  2.38       0.378      0.001000  
   3   389   1     4     1     5  2.38       0.379      0.001000  
   3   390   1     3     2     5  2.38       0.380      0.001000  
   3   391   1     4     1     5  2.38       0.381      0.001000  
   3   392   1     3     2     5  2.38       0.382      0.001000  
   3   393   1     4     1     5  2.38       0.383      0.001000  
   3   394   1     5     0     5  2.38       0.384      0.001000  
   3   395   1     5     0     5  2.38       0.385      0.001000  
   3   396   1     5     0     5  2.39       0.386      0.001000  
   3   397   1     4     1     5  2.39       0.387      0.001000  
   3   398   1     4     2     6  2.39       0.388      0.001000  
   3   399   1     2     1     3  2.39       0.389      0.001000  
   3   400   1     5     1     6  2.39       0.390      0.001000  
   3   401   1     2     3     5  2.39       0.391      0.001000  
   3   402   1     3     0     3  2.39       0.392      0.001000  
   3   403   1     6     0     6  2.39       0.393      0.001000  
   3   404   1     5     0     5  2.39       0.394      0.001000  
   3   405   1     4     1     5  2.39       0.395      0.001000  
   3   406   1     5     0     5  2.40       0.396      0.001000  
   3   407   1     6     0     6  2.40       0.397      0.001000  
   3   408   1     2     0     2  2.40       0.398      0.001000  
   3   409   1     4     0     4  2.40       0.399      0.001000  
   3   410   1     4     2     6  2.40       0.400      0.001000  
   3   411   1     1     5     6  2.40       0.401      0.001000  
   3   412   1     2     4     6  2.40       0.402      0.001000  
   3   413   1     2     1     3  2.40       0.403      0.001000  
   3   414   1     2     3     5  2.40       0.404      0.001000  
   3   415   1     2     4     6  2.40       0.405      0.001000  
   3   416   1     4     2     6  2.41       0.406      0.001000  
   3   417   1     4     2     6  2.41       0.407      0.001000  
   3   418   1     3     0     3  2.41       0.408      0.001000  
   3   419   1     4     2     6  2.41       0.409      0.001000  
   3   420   1     2     1     3  2.41       0.410      0.001000  
   3   421   1     3     0     3  2.41       0.411      0.001000  
   3   422   1     5     0     5  2.41       0.412      0.001000  
   3   423   1     5     0     5  2.41       0.413      0.001000  
   3   424   1     5     0     5  2.41       0.414      0.001000  
   3   425   1     3     0     3  2.41       0.415      0.001000  
   3   426   1     5     1     6  2.42       0.416      0.001000  
   3   427   1     5     1     6  2.42       0.417      0.001000  
   3   428   1     2     0     2  2.42       0.418      0.001000  
   3   429   1     3     0     3  2.42       0.419      0.001000  
   3   430   1     5     1     6  2.42       0.420      0.001000  
   3   431   1     4     1     5  2.42       0.421      0.001000  
   3   432   1     4     1     5  2.42       0.422      0.001000  
   3   433   1     5     1     6  2.42       0.423      0.001000  
   3   434   1     5     1     6  2.42       0.424      0.001000  
   3   435   1     3     2     5  2.42       0.425      0.001000  
   3   436   1     5     1     6  2.43       0.426      0.001000  
   3   437   1     2     4     6  2.43       0.427      0.001000  
   3   438   1     3     2     5  2.43       0.428      0.001000  
   3   439   1     4     2     6  2.43       0.429      0.001000  
   3   440   1     5     1     6  2.43       0.430      0.001000  
   3   441   1     2     3     5  2.43       0.431      0.001000  
   3   442   1     5     0     5  2.43       0.432      0.001000  
   3   443   1     2     4     6  2.43       0.433      0.001000  
   3   444   1     4     1     5  2.43       0.434      0.001000  
   3   445   1     4     0     4  2.43       0.435      0.001000  
   3   446   1     4     2     6  2.44       0.436      0.001000  
   3   447   1     2     1     3  2.44       0.437      0.001000  
   3   448   1     4     1     5  2.44       0.438      0.001000  
   3   449   1     6     0     6  2.44       0.439      0.001000  
   3   450   1     5     1     6  2.44       0.440      0.001000  
   3   451   1     6     0     6  2.44       0.441      0.001000  
   3   452   1     4     0     4  2.44       0.442      0.001000  
   3   453   1     5     1     6  2.44       0.443      0.001000  
   3   454   1     4     1     5  2.44       0.444      0.001000  
   3   455   1     5     1     6  2.44       0.445      0.001000  
   3   456   1     5     0     5  2.45       0.446      0.001000  
   3   457   1     4     1     5  2.45       0.447      0.001000  
   3   458   1     5     1     6  2.45       0.448      0.001000  
   3   459   1     5     0     5  2.45       0.449      0.001000  
   3   460   1     4     1     5  2.45       0.450      0.001000  
   3   461   1     2     3     5  2.45       0.451      0.001000  
   3   462   1     4     1     5  2.45       0.452      0.001000  
   3   463   1     5     0     5  2.45       0.453      0.001000  
   3   464   1     5     1     6  2.45       0.454      0.001000  
   3   465   1     4     0     4  2.45       0.455      0.001000  
   3   466   1     3     1     4  2.46       0.456      0.001000  
   3   467   1     2     2     4  2.46       0.457      0.001000  
   3   468   1     3     2     5  2.46       0.458      0.001000  
   3   469   1     2     2     4  2.46       0.459      0.001000  
   3   470   1     4     1     5  2.46       0.460      0.001000  
   3   471   1     2     3     5  2.46       0.461      0.001000  
   3   472   1     2     3     5  2.46       0.462      0.001000  
   3   473   1     3     3     6  2.46       0.463      0.001000  
   3   474   1     4     2     6  2.46       0.464      0.001000  
   3   475   1     4     1     5  2.46       0.465      0.001000  
   3   476   1     5     1     6  2.47       0.466      0.001000  
   3   477   1     5     1     6  2.47       0.467      0.001000  
   3   478   1     5     0     5  2.47       0.468      0.001000  
   3   479   1     5     1     6  2.47       0.469      0.001000  
   3   480   1     5     0     5  2.47       0.470      0.001000  
   3   481   1     5     1     6  2.47       0.471      0.001000  
   3   482   1     3     1     4  2.47       0.472      0.001000  
   3   483   1     4     2     6  2.47       0.473      0.001000  
   3   484   1     3     2     5  2.47       0.474      0.001000  
   3   485   1     3     2     5  2.47       0.475      0.001000  
   3   486   1     1     5     6  2.48       0.476      0.001000  
   3   487   1     3     2     5  2.48       0.477      0.001000  
   3   488   1     4     2     6  2.48       0.478      0.001000  
   3   489   1     3     2     5  2.48       0.479      0.001000  
   3   490   1     5     1     6  2.48       0.480      0.001000  
   3   491   1     2     3     5  2.48       0.481      0.001000  
   3   492   1     4     1     5  2.48       0.482      0.001000  
   3   493   1     3     3     6  2.48       0.483      0.001000  
   3   494   1     2     3     5  2.48       0.484      0.001000  
   3   495   1     4     1     5  2.48       0.485      0.001000  
   3   496   1     5     1     6  2.49       0.486      0.001000  
   3   497   1     2     4     6  2.49       0.487      0.001000  
   3   498   1     4     2     6  2.49       0.488      0.001000  
   3   499   1     4     0     4  2.49       0.489      0.001000  
   3   500   1     5     1     6  2.49       0.490      0.001000  
   3   501   1     3     3     6  2.49       0.491      0.001000  
   3   502   1     5     1     6  2.49       0.492      0.001000  
   3   503   1     4     1     5  2.49       0.493      0.001000  
   3   504   1     5     0     5  2.49       0.494      0.001000  
   3   505   1     5     1     6  2.49       0.495      0.001000  
   3   506   1     3     1     4  2.50       0.496      0.001000  
   3   507   1     3     2     5  2.50       0.497      0.001000  
   3   508   1     4     2     6  2.50       0.498      0.001000  
   3   509   1     3     3     6  2.50       0.499      0.001000  
   3   510   1     3     2     5  2.50       0.500      0.001000  
   3   511   1     1     4     5  2.50       0.501      0.001000  
   3   512   1     1     2     3  2.50       0.502      0.001000  
   3   513   1     3     3     6  2.50       0.503      0.001000  
   3   514   1     2     3     5  2.50       0.504      0.001000  
   3   515   1     5     0     5  2.50       0.505      0.001000  
   3   516   1     5     0     5  2.51       0.506      0.001000  
   3   517   1     5     0     5  2.51       0.507      0.001000  
   3   518   1     2     3     5  2.51       0.508      0.001000  
   3   519   1     4     2     6  2.51       0.509      0.001000  
   3   520   1     2     3     5  2.51       0.510      0.001000  
   3   521   1     2     4     6  2.51       0.511      0.001000  
   3   522   1     2     2     4  2.51       0.512      0.001000  
   3   523   1     3     2     5  2.51       0.513      0.001000  
   3   524   1     3     3     6  2.51       0.514      0.001000  
   3   525   1     1     4     5  2.51       0.515      0.001000  
   3   526   1     3     2     5  2.52       0.516      0.001000  
   3   527   1     3     1     4  2.52       0.517      0.001000  
   3   528   1     2     4     6  2.52       0.518      0.001000  
   3   529   1     2     1     3  2.52       0.519      0.001000  
   3   530   1     3     3     6  2.52       0.520      0.001000  
   3   531   1     3     2     5  2.52       0.521      0.001000  
   3   532   1     4     1     5  2.52       0.522      0.001000  
   3   533   1     3     2     5  2.52       0.523      0.001000  
   3   534   1     1     4     5  2.52       0.524      0.001000  
   3   535   1     1     5     6  2.52       0.525      0.001000  
   3   536   1     1     5     6  2.53       0.526      0.001000  
   3   537   1     1     4     5  2.53       0.527      0.001000  
   3   538   1     2     1     3  2.53       0.528      0.001000  
   3   539   1     2     1     3  2.53       0.529      0.001000  
   3   540   1     1     4     5  2.53       0.530      0.001000  
   3   541   1     3     1     4  2.53       0.531      0.001000  
   3   542   1     2     3     5  2.53       0.532      0.001000  
   3   543   1     2     2     4  2.53       0.533      0.001000  
   3   544   1     1     2     3  2.53       0.534      0.001000  
   3   545   1     2     4     6  2.53       0.535      0.001000  
   3   546   1     2     4     6  2.54       0.536      0.001000  
   3   547   1     2     3     5  2.54       0.537      0.001000  
   3   548   1     2     3     5  2.54       0.538      0.001000  
   3   549   1     3     2     5  2.54       0.539      0.001000  
   3   550   1     2     3     5  2.54       0.540      0.001000  
   3   551   1     2     3     5  2.54       0.541      0.001000  
   3   552   1     2     3     5  2.54       0.542      0.001000  
   3   553   1     1     4     5  2.54       0.543      0.001000  
   3   554   1     1     2     3  2.54       0.544      0.001000  
   3   555   1     3     2     5  2.54       0.545      0.001000  
   3   556   1     2     3     5  2.55       0.546      0.001000  
   3   557   1     3     2     5  2.55       0.547      0.001000  
   3   558   1     2     3     5  2.55       0.548      0.001000  
   3   559   1     1     3     4  2.55       0.549      0.001000  
   3   560   1     1     4     5  2.55       0.550      0.001000  
   3   561   1     2     2     4  2.55       0.551      0.001000  
   3   562   1     2     3     5  2.55       0.552      0.001000  
   3   563   1     2     4     6  2.55       0.553      0.001000  
   3   564   1     1     3     4  2.55       0.554      0.001000  
   3   565   1     2     3     5  2.55       0.555      0.001000  
   3   566   1     3     2     5  2.56       0.556      0.001000  
   3   567   1     3     3     6  2.56       0.557      0.001000  
   3   568   1     4     1     5  2.56       0.558      0.001000  
   3   569   1     2     3     5  2.56       0.559      0.001000  
   3   570   1     4     0     4  2.56       0.560      0.001000  
   3   571   1     2     2     4  2.56       0.561      0.001000  
   3   572   1     2     2     4  2.56       0.562      0.001000  
   3   573   1     2     2     4  2.56       0.563      0.001000  
   3   574   1     2     3     5  2.56       0.564      0.001000  
   3   575   1     2     4     6  2.56       0.565      0.001000  
   3   576   1     1     2     3  2.57       0.566      0.001000  
   3   577   1     1     5     6  2.57       0.567      0.001000  
   3   578   1     2     1     3  2.57       0.568      0.001000  
   3   579   1     2     1     3  2.57       0.569      0.001000  
   3   580   1     2     2     4  2.57       0.570      0.001000  
   3   581   1     2     2     4  2.57       0.571      0.001000  
   3   582   1     3     2     5  2.57       0.572      0.001000  
   3   583   1     4     1     5  2.57       0.573      0.001000  
   3   584   1     2     3     5  2.57       0.574      0.001000  
   3   585   1     3     2     5  2.57       0.575      0.001000  
   3   586   1     2     2     4  2.58       0.576      0.001000  
   3   587   1     2     3     5  2.58       0.577      0.001000  
   3   588   1     1     3     4  2.58       0.578      0.001000  
   3   589   1     1     3     4  2.58       0.579      0.001000  
   3   590   1     1     2     3  2.58       0.580      0.001000  
   3   591   1     3     1     4  2.58       0.581      0.001000  
   3   592   1     3     1     4  2.58       0.582      0.001000  
   3   593   1     2     3     5  2.58       0.583      0.001000  
   3   594   1     1     4     5  2.58       0.584      0.001000  
   3   595   1     1     4     5  2.58       0.585      0.001000  
   3   596   1     1     3     4  2.59       0.586      0.001000  
   3   597   1     1     3     4  2.59       0.587      0.001000  
   3   598   1     2     2     4  2.59       0.588      0.001000  
   3   599   1     2     2     4  2.59       0.589      0.001000  
   3   600   1     3     1     4  2.59       0.590      0.001000  
   3   601   1     2     3     5  2.59       0.591      0.001000  
   3   602   1     2     2     4  2.59       0.592      0.001000  
   3   603   1     2     2     4  2.59       0.593      0.001000  
   3   604   1     2     3     5  2.59       0.594      0.001000  
   3   605   1     2     2     4  2.59       0.595      0.001000  
   3   606   1     2     2     4  2.60       0.596      0.001000  
   3   607   1     4     1     5  2.60       0.597      0.001000  
   3   608   1     2     2     4  2.60       0.598      0.001000  
   3   609   1     4     1     5  2.60       0.599      0.001000  
   3   610   1     4     1     5  2.60       0.600      0.001000  
   3   611   1     3     2     5  2.60       0.601      0.001000  
   3   612   1     2     3     5  2.60       0.602      0.001000  
   3   613   1     2     3     5  2.60       0.603      0.001000  
   3   614   1     2     1     3  2.60       0.604      0.001000  
   3   615   1     1     2     3  2.60       0.605      0.001000  
   3   616   1     3     1     4  2.61       0.606      0.001000  
   3   617   1     1     2     3  2.61       0.607      0.001000  
   3   618   1     3     2     5  2.61       0.608      0.001000  
   3   619   1     2     3     5  2.61       0.609      0.001000  
   3   620   1     3     1     4  2.61       0.610      0.001000  
   3   621   1     4     1     5  2.61       0.611      0.001000  
   3   622   1     3     2     5  2.61       0.612      0.001000  
   3   623   1     3     2     5  2.61       0.613      0.001000  
   3   624   1     2     2     4  2.61       0.614      0.001000  
   3   625   1     2     2     4  2.61       0.615      0.001000  
   3   626   1     3     2     5  2.62       0.616      0.001000  
   3   627   1     2     2     4  2.62       0.617      0.001000  
   3   628   1     1     3     4  2.62       0.618      0.001000  
   3   629   1     2     2     4  2.62       0.619      0.001000  
   3   630   1     3     2     5  2.62       0.620      0.001000  
   3   631   1     2     3     5  2.62       0.621      0.001000  
   3   632   1     2     3     5  2.62       0.622      0.001000  
   3   633   1     2     2     4  2.62       0.623      0.001000  
   3   634   1     2     2     4  2.62       0.624      0.001000  
   3   635   1     2     2     4  2.62       0.625      0.001000  
   3   636   1     1     4     5  2.63       0.626      0.001000  
   3   637   1     3     2     5  2.63       0.627      0.001000  
   3   638   1     3     1     4  2.63       0.628      0.001000  
   3   639   1     3     1     4  2.63       0.629      0.001000  
   3   640   1     3     2     5  2.63       0.630      0.001000  
   3   641   1     2     3     5  2.63       0.631      0.001000  
   3   642   1     2     2     4  2.63       0.632      0.001000  
   3   643   1     3     2     5  2.63       0.633      0.001000  
   3   644   1     3     1     4  2.63       0.634      0.001000  
   3   645   1     2     2     4  2.63       0.635      0.001000  
   3   646   1     2     2     4  2.64       0.636      0.001000  
   3   647   1     1     2     3  2.64       0.637      0.001000  
   3   648   1     2     2     4  2.64       0.638      0.001000  
   3   649   1     1     2     3  2.64       0.639      0.001000  
   3   650   1     2     3     5  2.64       0.640      0.001000  
   3   651   1     2     3     5  2.64       0.641      0.001000  
   3   652   1     1     3     4  2.64       0.642      0.001000  
   3   653   1     2     3     5  2.64       0.643      0.001000  
   3   654   1     1     3     4  2.64       0.644      0.001000  
   3   655   1     1     3     4  2.64       0.645      0.001000  
   3   656   1     1     4     5  2.65       0.646      0.001000  
   3   657   1     2     2     4  2.65       0.647      0.001000  
   3   658   1     1     3     4  2.65       0.648      0.001000  
   3   659   1     2     2     4  2.65       0.649      0.001000  
   3   660   1     2     2     4  2.65       0.650      0.001000  
   3   661   1     1     3     4  2.65       0.651      0.001000  
   3   662   1     2     0     2  2.65       0.652      0.001000  
   3   663   1     2     2     4  2.65       0.653      0.001000  
   3   664   1     2     1     3  2.65       0.654      0.001000  
   3   665   1     3     1     4  2.65       0.655      0.001000  
   3   666   1     1     3     4  2.66       0.656      0.001000  
   3   667   1     2     2     4  2.66       0.657      0.001000  
   3   668   1     2     2     4  2.66       0.658      0.001000  
   3   669   1     2     1     3  2.66       0.659      0.001000  
   3   670   1     2     2     4  2.66       0.660      0.001000  
   3   671   1     2     3     5  2.66       0.661      0.001000  
   3   672   1     2     2     4  2.66       0.662      0.001000  
   3   673   1     2     2     4  2.66       0.663      0.001000  
   3   674   1     4     1     5  2.66       0.664      0.001000  
   3   675   1     2     2     4  2.66       0.665      0.001000  
   3   676   1     3     2     5  2.67       0.666      0.001000  
   3   677   1     2     2     4  2.67       0.667      0.001000  
   3   678   1     1     4     5  2.67       0.668      0.001000  
   3   679   1     4     1     5  2.67       0.669      0.001000  
   3   680   1     3     1     4  2.67       0.670      0.001000  
   3   681   1     4     0     4  2.67       0.671      0.001000  
   3   682   1     3     1     4  2.67       0.672      0.001000  
   3   683   1     2     2     4  2.67       0.673      0.001000  
   3   684   1     1     3     4  2.67       0.674      0.001000  
   3   685   1     2     2     4  2.67       0.675      0.001000  
   3   686   1     1     2     3  2.68       0.676      0.001000  
   3   687   1     1     4     5  2.68       0.677      0.001000  
   3   688   1     4     1     5  2.68       0.678      0.001000  
   3   689   1     1     4     5  2.68       0.679      0.001000  
   3   690   1     1     4     5  2.68       0.680      0.001000  
   3   691   1     1     4     5  2.68       0.681      0.001000  
   3   692   1     2     3     5  2.68       0.682      0.001000  
   3   693   1     2     2     4  2.68       0.683      0.001000  
   3   694   1     3     1     4  2.68       0.684      0.001000  
   3   695   1     1     4     5  2.68       0.685      0.001000  
   3   696   1     1     4     5  2.69       0.686      0.001000  
   3   697   1     1     4     5  2.69       0.687      0.001000  
   3   698   1     2     2     4  2.69       0.688      0.001000  
   3   699   1     1     4     5  2.69       0.689      0.001000  
   3   700   1     1     4     5  2.69       0.690      0.001000  
   3   701   1     2     2     4  2.69       0.691      0.001000  
   3   702   1     1     4     5  2.69       0.692      0.001000  
   3   703   1     1     4     5  2.69       0.693      0.001000  
   3   704   1     2     2     4  2.69       0.694      0.001000  
   3   705   1     2     3     5  2.69       0.695      0.001000  
   3   706   1     3     3     6  2.70       0.696      0.001000  
   3   707   1     4     1     5  2.70       0.697      0.001000  
   3   708   1     3     2     5  2.70       0.698      0.001000  
   3   709   1     1     3     4  2.70       0.699      0.001000  
   3   710   1     2     3     5  2.70       0.700      0.001000  
   3   711   1     1     4     5  2.70       0.701      0.001000  
   3   712   1     1     3     4  2.70       0.702      0.001000  
   3   713   1     3     1     4  2.70       0.703      0.001000  
   3   714   1     2     3     5  2.70       0.704      0.001000  
   3   715   1     1     3     4  2.70       0.705      0.001000  
   3   716   1     2     1     3  2.71       0.706      0.001000  
   3   717   1     1     3     4  2.71       0.707      0.001000  
   3   718   1     2     1     3  2.71       0.708      0.001000  
   3   719   1     1     3     4  2.71       0.709      0.001000  
   3   720   1     2     1     3  2.71       0.710      0.001000  
   3   721   1     1     4     5  2.71       0.711      0.001000  
   3   722   1     1     3     4  2.71       0.712      0.001000  
   3   723   1     2     3     5  2.71       0.713      0.001000  
   3   724   1     3     2     5  2.71       0.714      0.001000  
   3   725   1     2     4     6  2.71       0.715      0.001000  
   3   726   1     2     3     5  2.72       0.716      0.001000  
   3   727   1     1     4     5  2.72       0.717      0.001000  
   3   728   1     1     3     4  2.72       0.718      0.001000  
   3   729   1     2     3     5  2.72       0.719      0.001000  
   3   730   1     1     2     3  2.72       0.720      0.001000  
   3   731   1     3     2     5  2.72       0.721      0.001000  
   3   732   1     1     4     5  2.72       0.722      0.001000  
   3   733   1     2     3     5  2.72       0.723      0.001000  
   3   734   1     1     2     3  2.72       0.724      0.001000  
   3   735   1     1     4     5  2.72       0.725      0.001000  
   3   736   1     1     2     3  2.73       0.726      0.001000  
   3   737   1     1     4     5  2.73       0.727      0.001000  
   3   738   1     2     3     5  2.73       0.728      0.001000  
   3   739   1     1     4     5  2.73       0.729      0.001000  
   3   740   1     4     1     5  2.73       0.730      0.001000  
   3   741   1     2     4     6  2.73       0.731      0.001000  
   3   742   1     1     4     5  2.73       0.732      0.001000  
   3   743   1     3     2     5  2.73       0.733      0.001000  
   3   744   1     1     3     4  2.73       0.734      0.001000  
   3   745   1     2     3     5  2.73       0.735      0.001000  
   3   746   1     2     3     5  2.74       0.736      0.001000  
   3   747   1     1     3     4  2.74       0.737      0.001000  
   3   748   1     3     2     5  2.74       0.738      0.001000  
   3   749   1     1     4     5  2.74       0.739      0.001000  
   3   750   1     1     3     4  2.74       0.740      0.001000  
   3   751   1     2     2     4  2.74       0.741      0.001000  
   3   752   1     1     4     5  2.74       0.742      0.001000  
   3   753   1     1     3     4  2.74       0.743      0.001000  
   3   754   1     2     0     2  2.74       0.744      0.001000  
   3   755   1     1     3     4  2.74       0.745      0.001000  
   3   756   1     4     0     4  2.75       0.746      0.001000  
   3   757   1     2     1     3  2.75       0.747      0.001000  
   3   758   1     1     3     4  2.75       0.748      0.001000  
   3   759   1     2     3     5  2.75       0.749      0.001000  
   3   760   1     1     3     4  2.75       0.750      0.001000  
   3   761   1     2     3     5  2.75       0.751      0.001000  
   3   762   1     1     4     5  2.75       0.752      0.001000  
   3   763   1     1     4     5  2.75       0.753      0.001000  
   3   764   1     2     3     5  2.75       0.754      0.001000  
   3   765   1     2     3     5  2.75       0.755      0.001000  
   3   766   1     3     2     5  2.76       0.756      0.001000  
   3   767   1     1     4     5  2.76       0.757      0.001000  
   3   768   1     2     3     5  2.76       0.758      0.001000  
   3   769   1     3     1     4  2.76       0.759      0.001000  
   3   770   1     1     3     4  2.76       0.760      0.001000  
   3   771   1     1     4     5  2.76       0.761      0.001000  
   3   772   1     1     3     4  2.76       0.762      0.001000  
   3   773   1     2     3     5  2.76       0.763      0.001000  
   3   774   1     2     3     5  2.76       0.764      0.001000  
   3   775   1     1     3     4  2.76       0.765      0.001000  
   3   776   1     3     3     6  2.77       0.766      0.001000  
   3   777   1     2     3     5  2.77       0.767      0.001000  
   3   778   1     1     4     5  2.77       0.768      0.001000  
   3   779   1     1     4     5  2.77       0.769      0.001000  
   3   780   1     2     3     5  2.77       0.770      0.001000  
   3   781   1     2     3     5  2.77       0.771      0.001000  
   3   782   1     1     4     5  2.77       0.772      0.001000  
   3   783   1     2     4     6  2.77       0.773      0.001000  
   3   784   1     2     4     6  2.77       0.774      0.001000  
   3   785   1     2     3     5  2.77       0.775      0.001000  
   3   786   1     2     3     5  2.78       0.776      0.001000  
   3   787   1     2     3     5  2.78       0.777      0.001000  
   3   788   1     1     3     4  2.78       0.778      0.001000  
   3   789   1     2     2     4  2.78       0.779      0.001000  
   3   790   1     2     2     4  2.78       0.780      0.001000  
   3   791   1     1     4     5  2.78       0.781      0.001000  
   3   792   1     1     3     4  2.78       0.782      0.001000  
   3   793   1     1     3     4  2.78       0.783      0.001000  
   3   794   1     3     3     6  2.78       0.784      0.001000  
   3   795   1     2     3     5  2.78       0.785      0.001000  
   3   796   1     2     3     5  2.79       0.786      0.001000  
   3   797   1     2     2     4  2.79       0.787      0.001000  
   3   798   1     4     1     5  2.79       0.788      0.001000  
   3   799   1     1     4     5  2.79       0.789      0.001000  
   3   800   1     2     3     5  2.79       0.790      0.001000  
   3   801   1     5     1     6  2.79       0.791      0.001000  
   3   802   1     2     3     5  2.79       0.792      0.001000  
   3   803   1     1     4     5  2.79       0.793      0.001000  
   3   804   1     1     4     5  2.79       0.794      0.001000  
   3   805   1     1     4     5  2.79       0.795      0.001000  
   3   806   1     3     0     3  2.80       0.796      0.001000  
   3   807   1     1     5     6  2.80       0.797      0.001000  
   3   808   1     1     4     5  2.80       0.798      0.001000  
   3   809   1     1     1     2  2.80       0.799      0.001000  
   3   810   1     1     4     5  2.80       0.800      0.001000  
   3   811   1     1     5     6  2.80       0.801      0.001000  
   3   812   1     2     3     5  2.80       0.802      0.001000  
   3   813   1     1     4     5  2.80       0.803      0.001000  
   3   814   1     3     2     5  2.80       0.804      0.001000  
   3   815   1     3     3     6  2.80       0.805      0.001000  
   3   816   1     3     1     4  2.81       0.806      0.001000  
   3   817   1     1     3     4  2.81       0.807      0.001000  
   3   818   1     4     1     5  2.81       0.808      0.001000  
   3   819   1     4     1     5  2.81       0.809      0.001000  
   3   820   1     1     4     5  2.81       0.810      0.001000  
   3   821   1     1     4     5  2.81       0.811      0.001000  
   3   822   1     2     2     4  2.81       0.812      0.001000  
   3   823   1     1     4     5  2.81       0.813      0.001000  
   3   824   1     1     4     5  2.81       0.814      0.001000  
   3   825   1     2     3     5  2.81       0.815      0.001000  
   3   826   1     1     2     3  2.82       0.816      0.001000  
   3   827   1     2     4     6  2.82       0.817      0.001000  
   3   828   1     2     4     6  2.82       0.818      0.001000  
   3   829   1     1     5     6  2.82       0.819      0.001000  
   3   830   1     1     4     5  2.82       0.820      0.001000  
   3   831   1     1     4     5  2.82       0.821      0.001000  
   3   832   1     2     2     4  2.82       0.822      0.001000  
   3   833   1     1     4     5  2.82       0.823      0.001000  
   3   834   1     3     2     5  2.82       0.824      0.001000  
   3   835   1     1     5     6  2.82       0.825      0.001000  
   3   836   1     1     4     5  2.83       0.826      0.001000  
   3   837   1     2     3     5  2.83       0.827      0.001000  
   3   838   1     4     1     5  2.83       0.828      0.001000  
   3   839   1     1     2     3  2.83       0.829      0.001000  
   3   840   1     1     4     5  2.83       0.830      0.001000  
   3   841   1     1     3     4  2.83       0.831      0.001000  
   3   842   1     2     3     5  2.83       0.832      0.001000  
   3   843   1     1     3     4  2.83       0.833      0.001000  
   3   844   1     2     2     4  2.83       0.834      0.001000  
   3   845   1     2     4     6  2.83       0.835      0.001000  
   3   846   1     2     2     4  2.84       0.836      0.001000  
   3   847   1     6     0     6  2.84       0.837      0.001000  
   3   848   1     2     1     3  2.84       0.838      0.001000  
   3   849   1     1     3     4  2.84       0.839      0.001000  
   3   850   1     2     4     6  2.84       0.840      0.001000  
   3   851   1     2     4     6  2.84       0.841      0.001000  
   3   852   1     1     5     6  2.84       0.842      0.001000  
   3   853   1     2     2     4  2.84       0.843      0.001000  
   3   854   1     4     0     4  2.84       0.844      0.001000  
   3   855   1     2     3     5  2.84       0.845      0.001000  
   3   856   1     3     3     6  2.85       0.846      0.001000  
   3   857   1     1     3     4  2.85       0.847      0.001000  
   3   858   1     1     2     3  2.85       0.848      0.001000  
   3   859   1     2     4     6  2.85       0.849      0.001000  
   3   860   1     2     4     6  2.85       0.850      0.001000  
   3   861   1     1     3     4  2.85       0.851      0.001000  
   3   862   1     1     5     6  2.85       0.852      0.001000  
   3   863   1     1     5     6  2.85       0.853      0.001000  
   3   864   1     2     4     6  2.85       0.854      0.001000  
   3   865   1     1     5     6  2.85       0.855      0.001000  
   3   866   1     1     5     6  2.86       0.856      0.001000  
   3   867   1     1     5     6  2.86       0.857      0.001000  
   3   868   1     1     5     6  2.86       0.858      0.001000  
   3   869   1     1     5     6  2.86       0.859      0.001000  
   3   870   1     1     4     5  2.86       0.860      0.001000  
   3   871   1     2     3     5  2.86       0.861      0.001000  
   3   872   1     2     3     5  2.86       0.862      0.001000  
   3   873   1     2     4     6  2.86       0.863      0.001000  
   3   874   1     2     2     4  2.86       0.864      0.001000  
   3   875   1     2     4     6  2.86       0.865      0.001000  
   3   876   1     5     0     5  2.87       0.866      0.001000  
   3   877   1     1     4     5  2.87       0.867      0.001000  
   3   878   1     1     2     3  2.87       0.868      0.001000  
   3   879   1     2     2     4  2.87       0.869      0.001000  
   3   880   1     2     3     5  2.87       0.870      0.001000  
   3   881   1     1     4     5  2.87       0.871      0.001000  
   3   882   1     3     1     4  2.87       0.872      0.001000  
   3   883   1     2     3     5  2.87       0.873      0.001000  
   3   884   1     1     3     4  2.87       0.874      0.001000  
   3   885   1     1     4     5  2.87       0.875      0.001000  
   3   886   1     4     1     5  2.88       0.876      0.001000  
   3   887   1     3     2     5  2.88       0.877      0.001000  
   3   888   1     1     2     3  2.88       0.878      0.001000  
   3   889   1     4     1     5  2.88       0.879      0.001000  
   3   890   1     2     0     2  2.88       0.880      0.001000  
   3   891   1     4     1     5  2.88       0.881      0.001000  
   3   892   1     2     3     5  2.88       0.882      0.001000  
   3   893   1     2     2     4  2.88       0.883      0.001000  
   3   894   1     1     3     4  2.88       0.884      0.001000  
   3   895   1     1     2     3  2.88       0.885      0.001000  
   3   896   1     1     4     5  2.89       0.886      0.001000  
   3   897   1     2     3     5  2.89       0.887      0.001000  
   3   898   1     1     4     5  2.89       0.888      0.001000  
   3   899   1     1     3     4  2.89       0.889      0.001000  
   3   900   1     2     2     4  2.89       0.890      0.001000  
   3   901   1     1     3     4  2.89       0.891      0.001000  
   3   902   1     1     4     5  2.89       0.892      0.001000  
   3   903   1     2     1     3  2.89       0.893      0.001000  
   3   904   1     1     4     5  2.89       0.894      0.001000  
   3   905   1     2     3     5  2.89       0.895      0.001000  
   3   906   1     3     2     5  2.90       0.896      0.001000  
   3   907   1     3     1     4  2.90       0.897      0.001000  
   3   908   1     2     2     4  2.90       0.898      0.001000  
   3   909   1     1     4     5  2.90       0.899      0.001000  
   3   910   1     2     0     2  2.90       0.900      0.001000  
   3   911   1     2     3     5  2.90       0.901      0.001000  
   3   912   1     2     1     3  2.90       0.902      0.001000  
   3   913   1     1     4     5  2.90       0.903      0.001000  
   3   914   1     1     4     5  2.90       0.904      0.001000  
   3   915   1     1     4     5  2.90       0.905      0.001000  
   3   916   1     1     4     5  2.91       0.906      0.001000  
   3   917   1     1     4     5  2.91       0.907      0.001000  
   3   918   1     3     2     5  2.91       0.908      0.001000  
   3   919   1     2     3     5  2.91       0.909      0.001000  
   3   920   1     1     2     3  2.91       0.910      0.001000  
   3   921   1     1     4     5  2.91       0.911      0.001000  
   3   922   1     3     2     5  2.91       0.912      0.001000  
   3   923   1     1     1     2  2.91       0.913      0.001000  
   3   924   1     2     3     5  2.91       0.914      0.001000  
   3   925   1     2     0     2  2.91       0.915      0.001000  
   3   926   1     3     2     5  2.92       0.916      0.001000  
   3   927   1     1     2     3  2.92       0.917      0.001000  
   3   928   1     4     1     5  2.92       0.918      0.001000  
   3   929   1     1     1     2  2.92       0.919      0.001000  
   3   930   1     2     3     5  2.92       0.920      0.001000  
   3   931   1     1     4     5  2.92       0.921      0.001000  
   3   932   1     1     2     3  2.92       0.922      0.001000  
   3   933   1     1     5     6  2.92       0.923      0.001000  
   3   934   1     1     4     5  2.92       0.924      0.001000  
   3   935   1     1     1     2  2.92       0.925      0.001000  
   3   936   1     1     1     2  2.93       0.926      0.001000  
   3   937   1     1     3     4  2.93       0.927      0.001000  
   3   938   1     1     2     3  2.93       0.928      0.001000  
   3   939   1     1     1     2  2.93       0.929      0.001000  
   3   940   1     1     4     5  2.93       0.930      0.001000  
   3   941   1     2     0     2  2.93       0.931      0.001000  
   3   942   1     3     3     6  2.93       0.932      0.001000  
   3   943   1     3     2     5  2.93       0.933      0.001000  
   3   944   1     1     2     3  2.93       0.934      0.001000  
   3   945   1     2     3     5  2.93       0.935      0.001000  
   3   946   1     1     4     5  2.94       0.936      0.001000  
   3   947   1     1     1     2  2.94       0.937      0.001000  
   3   948   1     2     2     4  2.94       0.938      0.001000  
   3   949   1     1     1     2  2.94       0.939      0.001000  
   3   950   1     1     3     4  2.94       0.940      0.001000  
   3   951   1     2     0     2  2.94       0.941      0.001000  
   3   952   1     2     0     2  2.94       0.942      0.001000  
   3   953   1     1     1     2  2.94       0.943      0.001000  
   3   954   1     1     1     2  2.94       0.944      0.001000  
   3   955   1     1     4     5  2.94       0.945      0.001000  
   3   956   1     2     0     2  2.95       0.946      0.001000  
   3   957   1     1     1     2  2.95       0.947      0.001000  
   3   958   1     2     2     4  2.95       0.948      0.001000  
   3   959   1     1     2     3  2.95       0.949      0.001000  
   3   960   1     1     0     1  2.95       0.950      0.001000  
   3   961   1     1     0     1  2.95       0.951      0.001000  
   3   962   1     1     0     1  2.95       0.952      0.001000  
   3   963   1     1     1     2  2.95       0.953      0.001000  
   3   964   1     2     0     2  2.95       0.954      0.001000  
   3   965   1     0     1     1  2.95       0.955      0.001000  
   3   966   1     2     0     2  2.96       0.956      0.001000  
   3   967   1     2     0     2  2.96       0.957      0.001000  
   3   968   1     1     0     1  2.96       0.958      0.001000  
   3   969   1     1     1     2  2.96       0.959      0.001000  
   3   970   1     2     0     2  2.96       0.960      0.001000  
   3   971   1     2     0     2  2.96       0.961      0.001000  
   3   972   1     0     2     2  2.96       0.962      0.001000  
   3   973   1     0     2     2  2.96       0.963      0.001000  
   3   974   1     1     1     2  2.96       0.964      0.001000  
   3   975   1     1     2     3  2.96       0.965      0.001000  
   3   976   1     0     2     2  2.97       0.966      0.001000  
   3   977   1     0     1     1  2.97       0.967      0.001000  
   3   978   1     0     1     1  2.97       0.968      0.001000  
   3   979   1     0     1     1  2.97       0.969      0.001000  
   3   980   1     0     1     1  2.97       0.970      0.001000  
   3   981   1     0     2     2  2.97       0.971      0.001000  
   3   982   1     0     2     2  2.97       0.972      0.001000  
   3   983   1     0     1     1  2.97       0.973      0.001000  
   3   984   1     0     2     2  2.97       0.974      0.001000  
   3   985   1     0     2     2  2.97       0.975      0.001000  
   3   986   1     0     1     1  2.98       0.976      0.001000  
   3   987   1     0     1     1  2.98       0.977      0.001000  
   3   988   1     0     1     1  2.98       0.978      0.001000  
   3   989   1     0     1     1  2.98       0.979      0.001000  
   3   990   1     0     1     1  2.98       0.980      0.001000  
   3   991   1     0     1     1  2.98       0.981      0.001000  
   3   992   1     0     1     1  2.98       0.982      0.001000  
   3   993   1     0     1     1  2.98       0.983      0.001000  
   3   994   1     0     1     1  2.98       0.984      0.001000  
   3   995   1     0     1     1  2.98       0.985      0.001000  
   3   996   1     0     1     1  2.99       0.986      0.001000  
   3   997   1     0     1     1  2.99       0.987      0.001000  
   3   998   1     0     1     1  2.99       0.988      0.001000  
   3   999   1     0     1     1  2.99       0.989      0.001000  
   3  1000   1     0     1     1  2.99       0.990      0.001000  
   3  1001   1     0     1     1  2.99       0.991      0.001000  
   3  1002   1     0     1     1  2.99       0.992      0.001000  
   3  1003   1     0     1     1  2.99       0.993      0.001000  
   3  1004   1     0     1     1  2.99       0.994      0.001000  
   3  1005   1     0     1     1  2.99       0.995      0.001000  
   3  1006   1     0     1     1  3.00       0.996      0.001000  
   3  1007   1     0     1     1  3.00       0.997      0.001000  
   3  1008   1     0     1     1  3.00       0.998      0.001000  
   3  1009   1     0     1     1  3.00       0.999      0.001000  
   3  1010   1     0     1     1  3.00       1.00       0.001000  
   3  1011   1     0     1     1  3.00       1.00       0.0004151 
   4     1   1     0     1     1  3.00       0.00100    0.001000  
   4     2   1     0     1     1  3.00       0.00200    0.001000  
   4     3   1     0     1     1  3.00       0.00350    0.001500  
   4     4   1     0     1     1  3.01       0.00575    0.002250  
   4     5   1     2     0     2  3.01       0.00913    0.003375  
   4     6   1     2     0     2  3.01       0.0141     0.005000  
   4     7   1     1     1     2  3.02       0.0191     0.005000  
   4     8   1     0     2     2  3.02       0.0241     0.005000  
   4     9   1     0     2     2  3.03       0.0291     0.005000  
   4    10   1     2     0     2  3.03       0.0341     0.005000  
   4    11   1     1     1     2  3.04       0.0391     0.005000  
   4    12   1     1     1     2  3.04       0.0441     0.005000  
   4    13   1     0     2     2  3.05       0.0491     0.005000  
   4    14   1     1     1     2  3.05       0.0541     0.005000  
   4    15   1     0     2     2  3.06       0.0591     0.005000  
   4    16   1     0     2     2  3.06       0.0641     0.005000  
   4    17   1     1     3     4  3.07       0.0691     0.005000  
   4    18   1     2     0     2  3.07       0.0741     0.005000  
   4    19   1     0     3     3  3.08       0.0791     0.005000  
   4    20   1     8     0     8  3.08       0.0841     0.005000  
   4    21   1     6     0     6  3.09       0.0891     0.005000  
   4    22   1     6     0     6  3.09       0.0941     0.005000  
   4    23   1     6     1     7  3.10       0.0991     0.005000  
   4    24   1     4     2     6  3.10       0.104      0.005000  
   4    25   1     6     0     6  3.11       0.109      0.005000  
   4    26   1     5     3     8  3.11       0.114      0.005000  
   4    27   1     5     0     5  3.12       0.119      0.005000  
   4    28   1     4     0     4  3.12       0.124      0.005000  
   4    29   1     4     3     7  3.13       0.129      0.005000  
   4    30   1     2     2     4  3.13       0.134      0.005000  
   4    31   1     4     0     4  3.14       0.139      0.005000  
   4    32   1     1     2     3  3.14       0.144      0.005000  
   4    33   1     3     1     4  3.15       0.149      0.005000  
   4    34   1     2     4     6  3.15       0.154      0.005000  
   4    35   1     3     0     3  3.16       0.159      0.005000  
   4    36   1     3     2     5  3.16       0.164      0.005000  
   4    37   1     3     0     3  3.17       0.169      0.005000  
   4    38   1     3     0     3  3.17       0.174      0.005000  
   4    39   1     6     1     7  3.18       0.179      0.005000  
   4    40   1     3     1     4  3.18       0.184      0.005000  
   4    41   1     3     0     3  3.19       0.189      0.005000  
   4    42   1     3     4     7  3.19       0.194      0.005000  
   4    43   1     3     0     3  3.20       0.199      0.005000  
   4    44   1     3     0     3  3.20       0.204      0.005000  
   4    45   1     2     4     6  3.21       0.209      0.005000  
   4    46   1     8     0     8  3.21       0.214      0.005000  
   4    47   1     3     1     4  3.22       0.219      0.005000  
   4    48   1     2     1     3  3.22       0.224      0.005000  
   4    49   1     4     2     6  3.23       0.229      0.005000  
   4    50   1     7     2     9  3.23       0.234      0.005000  
   4    51   1     3     4     7  3.24       0.239      0.005000  
   4    52   1     5     1     6  3.24       0.244      0.005000  
   4    53   1     0     2     2  3.25       0.249      0.005000  
   4    54   1     2     1     3  3.25       0.254      0.005000  
   4    55   1     8     1     9  3.26       0.259      0.005000  
   4    56   1     3     3     6  3.26       0.264      0.005000  
   4    57   1     4     2     6  3.27       0.269      0.005000  
   4    58   1     3     2     5  3.27       0.274      0.005000  
   4    59   1     0     2     2  3.28       0.279      0.005000  
   4    60   1     5     3     8  3.28       0.284      0.005000  
   4    61   1     3     2     5  3.29       0.289      0.005000  
   4    62   1     3     1     4  3.29       0.294      0.005000  
   4    63   1     1     1     2  3.30       0.299      0.005000  
   4    64   1     8     0     8  3.30       0.304      0.005000  
   4    65   1     4     1     5  3.31       0.309      0.005000  
   4    66   1     3     0     3  3.31       0.314      0.005000  
   4    67   1     3     0     3  3.32       0.319      0.005000  
   4    68   1     1     2     3  3.32       0.324      0.005000  
   4    69   1     7     1     8  3.33       0.329      0.005000  
   4    70   1     3     2     5  3.33       0.334      0.005000  
   4    71   1     5     0     5  3.34       0.339      0.005000  
   4    72   1     7     0     7  3.34       0.344      0.005000  
   4    73   1     4     1     5  3.35       0.349      0.005000  
   4    74   1     3     3     6  3.35       0.354      0.005000  
   4    75   1     3     0     3  3.36       0.359      0.005000  
   4    76   1     7     0     7  3.36       0.364      0.005000  
   4    77   1     3     3     6  3.37       0.369      0.005000  
   4    78   1     7     0     7  3.37       0.374      0.005000  
   4    79   1     2     1     3  3.38       0.379      0.005000  
   4    80   1     3     6     9  3.38       0.384      0.005000  
   4    81   1     3     0     3  3.39       0.389      0.005000  
   4    82   1     3     1     4  3.39       0.394      0.005000  
   4    83   1     2     2     4  3.40       0.399      0.005000  
   4    84   1     2     1     3  3.40       0.404      0.005000  
   4    85   1     3     1     4  3.41       0.409      0.005000  
   4    86   1     2     1     3  3.41       0.414      0.005000  
   4    87   1     2     1     3  3.42       0.419      0.005000  
   4    88   1     2     2     4  3.42       0.424      0.005000  
   4    89   1     3     0     3  3.43       0.429      0.005000  
   4    90   1     3     1     4  3.43       0.434      0.005000  
   4    91   1     4     3     7  3.44       0.439      0.005000  
   4    92   1     4     1     5  3.44       0.444      0.005000  
   4    93   1     3     1     4  3.45       0.449      0.005000  
   4    94   1     6     0     6  3.45       0.454      0.005000  
   4    95   1     4     0     4  3.46       0.459      0.005000  
   4    96   1     5     0     5  3.46       0.464      0.005000  
   4    97   1     3     0     3  3.47       0.469      0.005000  
   4    98   1     2     1     3  3.47       0.474      0.005000  
   4    99   1     4     0     4  3.48       0.479      0.005000  
   4   100   1     0     3     3  3.48       0.484      0.005000  
   4   101   1     3     0     3  3.49       0.489      0.005000  
   4   102   1     4     3     7  3.49       0.494      0.005000  
   4   103   1     1     1     2  3.50       0.499      0.005000  
   4   104   1     4     0     4  3.50       0.504      0.005000  
   4   105   1     3     0     3  3.51       0.509      0.005000  
   4   106   1     4     1     5  3.51       0.514      0.005000  
   4   107   1     5     1     6  3.52       0.519      0.005000  
   4   108   1     3     4     7  3.52       0.524      0.005000  
   4   109   1     3     0     3  3.53       0.529      0.005000  
   4   110   1     4     1     5  3.53       0.534      0.005000  
   4   111   1     6     0     6  3.54       0.539      0.005000  
   4   112   1     0     2     2  3.54       0.544      0.005000  
   4   113   1     4     0     4  3.55       0.549      0.005000  
   4   114   1     6     0     6  3.55       0.554      0.005000  
   4   115   1     0     2     2  3.56       0.559      0.005000  
   4   116   1     0     2     2  3.56       0.564      0.005000  
   4   117   1     3     0     3  3.57       0.569      0.005000  
   4   118   1     5     0     5  3.57       0.574      0.005000  
   4   119   1     6     0     6  3.58       0.579      0.005000  
   4   120   1     2     0     2  3.58       0.584      0.005000  
   4   121   1     2     1     3  3.59       0.589      0.005000  
   4   122   1     2     0     2  3.59       0.594      0.005000  
   4   123   1     4     0     4  3.60       0.599      0.005000  
   4   124   1     4     1     5  3.60       0.604      0.005000  
   4   125   1     6     0     6  3.61       0.609      0.005000  
   4   126   1     0     2     2  3.61       0.614      0.005000  
   4   127   1     4     0     4  3.62       0.619      0.005000  
   4   128   1     5     1     6  3.62       0.624      0.005000  
   4   129   1     0     2     2  3.63       0.629      0.005000  
   4   130   1     0     2     2  3.63       0.634      0.005000  
   4   131   1     4     0     4  3.64       0.639      0.005000  
   4   132   1     6     0     6  3.64       0.644      0.005000  
   4   133   1     1     1     2  3.65       0.649      0.005000  
   4   134   1     5     0     5  3.65       0.654      0.005000  
   4   135   1     6     0     6  3.66       0.659      0.005000  
   4   136   1     0     3     3  3.66       0.664      0.005000  
   4   137   1     5     1     6  3.67       0.669      0.005000  
   4   138   1     6     0     6  3.67       0.674      0.005000  
   4   139   1    14     1    15  3.68       0.679      0.005000  
   4   140   1     5     2     7  3.68       0.684      0.005000  
   4   141   1     0     2     2  3.69       0.689      0.005000  
   4   142   1     0     2     2  3.69       0.694      0.005000  
   4   143   1     4     0     4  3.70       0.699      0.005000  
   4   144   1     5     0     5  3.70       0.704      0.005000  
   4   145   1     1     4     5  3.71       0.709      0.005000  
   4   146   1     0     3     3  3.71       0.714      0.005000  
   4   147   1     4     0     4  3.72       0.719      0.005000  
   4   148   1     4     1     5  3.72       0.724      0.005000  
   4   149   1     1     2     3  3.73       0.729      0.005000  
   4   150   1     0     2     2  3.73       0.734      0.005000  
   4   151   1     5     1     6  3.74       0.739      0.005000  
   4   152   1     5     3     8  3.74       0.744      0.005000  
   4   153   1    12     1    13  3.75       0.749      0.005000  
   4   154   1U   12     1    13  3.75       0.749      0.005000  
   4   154   2     4     1     5  3.75       0.750      0.001250  
   4   155   1     2     0     2  3.75       0.752      0.001875  
   4   156   1     0     2     2  3.76       0.755      0.002812  
   4   157   1     0     2     2  3.76       0.759      0.004219  
   4   158   1     0     1     1  3.76       0.764      0.005000  
   4   159   1     0     1     1  3.77       0.769      0.005000  
   4   160   1     0     1     1  3.77       0.774      0.005000  
   4   161   1     0     1     1  3.78       0.779      0.005000  
   4   162   1     0     1     1  3.78       0.784      0.005000  
   4   163   1     0     1     1  3.79       0.789      0.005000  
   4   164   1     0     1     1  3.79       0.794      0.005000  
   4   165   1     0     1     1  3.80       0.799      0.005000  
   4   166   1     0     1     1  3.80       0.804      0.005000  
   4   167   1     0     1     1  3.81       0.809      0.005000  
   4   168   1     0     1     1  3.81       0.814      0.005000  
   4   169   1     0     1     1  3.82       0.819      0.005000  
   4   170   1     0     1     1  3.82       0.824      0.005000  
   4   171   1     0     1     1  3.83       0.829      0.005000  
   4   172   1     0     1     1  3.83       0.834      0.005000  
   4   173   1     0     1     1  3.84       0.839      0.005000  
   4   174   1     0     1     1  3.84       0.844      0.005000  
   4   175   1     0     1     1  3.85       0.849      0.005000  
   4   176   1     0     1     1  3.85       0.854      0.005000  
   4   177   1     0     1     1  3.86       0.859      0.005000  
   4   178   1     0     1     1  3.86       0.864      0.005000  
   4   179   1     0     1     1  3.87       0.869      0.005000  
   4   180   1     0     1     1  3.87       0.874      0.005000  
   4   181   1     0     1     1  3.88       0.879      0.005000  
   4   182   1     0     1     1  3.88       0.884      0.005000  
   4   183   1     0     1     1  3.89       0.889      0.005000  
   4   184   1     0     1     1  3.89       0.894      0.005000  
   4   185   1     0     1     1  3.90       0.899      0.005000  
   4   186   1     0     1     1  3.90       0.904      0.005000  
   4   187   1     0     1     1  3.91       0.909      0.005000  
   4   188   1     0     1     1  3.91       0.914      0.005000  
   4   189   1     0     1     1  3.92       0.919      0.005000  
   4   190   1     0     1     1  3.92       0.924      0.005000  
   4   191   1     0     1     1  3.93       0.929      0.005000  
   4   192   1     0     1     1  3.93       0.934      0.005000  
   4   193   1     0     1     1  3.94       0.939      0.005000  
   4   194   1     0     1     1  3.94       0.944      0.005000  
   4   195   1     0     1     1  3.95       0.949      0.005000  
   4   196   1     0     1     1  3.95       0.954      0.005000  
   4   197   1     0     1     1  3.96       0.959      0.005000  
   4   198   1     0     1     1  3.96       0.964      0.005000  
   4   199   1     0     1     1  3.97       0.969      0.005000  
   4   200   1     0     1     1  3.97       0.974      0.005000  
   4   201   1     0     1     1  3.98       0.979      0.005000  
   4   202   1     0     1     1  3.98       0.984      0.005000  
   4   203   1     0     1     1  3.99       0.989      0.005000  
   4   204   1     0     1     1  3.99       0.994      0.005000  
   4   205   1     0     1     1  4.00       0.999      0.005000  
   4   206   1     0     1     1  4.00       1.00       0.0007187 
                          
 THE ANALYSIS HAS COMPLETED SUCCESSFULLY
