70000.000000000000
0.330000000000
436.000000000000
222.000000000000
6.750000000000
12.000000000000
49.000000000000
1.000000000000
-5.333333333333
22.485669186236
-68.619359291705
143.539026088708
-211.550349670298
272.293164428262
-307.104883749147
250.856736060144
-131.344520012564
41.290011598404
-7.311623601117
1.737638942241
12.973194218954
-51.819884455515
190.928239877080
-444.899553234768
770.329306158946
-594.314870389394
108.679745856982
104.850843004781
72.001817837672
-112.259947068635
33.481917197545
233.571060404860
-1054.012125014492
3302.431449283179
-6326.672809926673
8860.241071754181
-7372.219769919800
3641.436172346410
-523.873960358626
139.544069508507
-143.622320474841
469.656098320350
-1015.788125649033
2863.134337775491
-1025.150894250435
-797.429953881675
537.617556089035
2086.031128985989
-4745.003365552515
6732.728286771733
-3582.803330478973
1717.636208175240
819.889082891930
-619.244914725515
896.105285200788
431.971817904895
12.000000000000
-58.666666666667
224.856691862356
-617.574233625345
1148.312208709664
-1480.852447692086
1633.758986569574
-1535.524418745733
1003.426944240574
-394.033560037691
82.580023196807
-7.311623601117
0.000000000000
129.731942189540
-466.378960099632
1527.425919016637
-3114.296872643374
4621.975836953678
-2971.574351946968
434.718983427929
314.552529014342
144.003635675344
-112.259947068635
0.000000000000
1868.568483238881
-7378.084875101446
19814.588695699073
-31633.364049633365
35440.964287016723
-22116.659309759398
7282.872344692821
-523.873960358626
0.000000000000
-861.733922849045
2348.280491601749
-4063.152502596131
8589.403013326473
-2050.301788500869
-797.429953881675
0.000000000000
8344.124515943957
-14235.010096657545
13465.456573543466
-3582.803330478973
0.000000000000
1639.778165783859
-619.244914725515
0.000000000000
0.000000000000
-5.333333333333
44.971338372471
-205.858077875115
574.156104354832
-1057.751748351490
1633.758986569574
-2149.734186244026
2006.853888481148
-1182.100680113072
412.900115984035
-80.427859612284
20.851667306889
0.000000000000
-51.819884455515
381.856479754159
-1334.698659704303
3081.317224635786
-2971.574351946968
652.078475141894
733.955901033465
576.014542701375
-1010.339523617718
334.819171975448
0.000000000000
-1054.012125014492
6604.862898566358
-18980.018429780019
35440.964287016723
-36861.098849598995
21848.617034078463
-3667.117722510382
1116.352556068056
0.000000000000
469.656098320350
-2031.576251298066
8589.403013326473
-4100.603577001739
-3987.149769408374
3225.705336534212
0.000000000000
-4745.003365552515
13465.456573543466
-10748.409991436920
6870.544832700959
0.000000000000
-619.244914725515
1792.210570401576
0.000000000000
0.000000000000
132.000000000000
-586.666666666667
2023.710226761202
-4940.593869002761
8038.185460967651
-8885.114686152518
8168.794932847868
-6142.097674982932
3010.280832721723
-788.067120075381
82.580023196807
0.000000000000
0.000000000000
1167.587479705858
-3731.031680797055
10691.981433116456
-18685.781235860242
23109.879184768393
-11886.297407787872
1304.156950283788
629.105058028684
144.003635675344
0.000000000000
0.000000000000
13079.979382672169
-44268.509250608680
99072.943478495363
-126533.456198533459
106322.892861050175
-44233.318619518795
7282.872344692821
0.000000000000
0.000000000000
-4308.669614245226
9393.121966406998
-12189.457507788395
17178.806026652946
-2050.301788500869
0.000000000000
0.000000000000
25032.373547831870
-28470.020193315089
13465.456573543466
0.000000000000
0.000000000000
1639.778165783859
0.000000000000
0.000000000000
0.000000000000
44.971338372471
-411.716155750230
1722.468313064497
-4231.006993405961
8168.794932847868
-12898.405117464157
14047.977219368038
-9456.805440904576
3716.101043856318
-804.278596122843
229.368340375774
0.000000000000
0.000000000000
381.856479754159
-2669.397319408606
9243.951673907357
-11886.297407787872
3260.392375709471
4403.735406200787
4032.101798909629
-8082.716188941741
3013.372547779029
0.000000000000
0.000000000000
6604.862898566358
-37960.036859560038
106322.892861050175
-147444.395398395980
109243.085170392311
-22002.706335062288
7814.467892476392
0.000000000000
0.000000000000
-2031.576251298066
17178.806026652946
-12301.810731005216
-15948.599077633495
16128.526682671061
0.000000000000
0.000000000000
13465.456573543466
-21496.819982873840
20611.634498102878
0.000000000000
0.000000000000
1792.210570401576
0.000000000000
0.000000000000
0.000000000000
-58.666666666667
449.713383724712
-1852.722700876036
4593.248834838658
-7404.262238460432
9802.553919417442
-10748.670931220131
8027.415553924593
-3546.302040339216
825.800231968071
-80.427859612284
0.000000000000
0.000000000000
-466.378960099632
3054.851838033273
-9342.890617930121
18487.903347814714
-14857.871759734840
2608.313900567577
2201.867703100394
1152.029085402751
-1010.339523617718
0.000000000000
0.000000000000
-7378.084875101446
39629.177391398145
-94900.092148900090
141763.857148066891
-110583.296548796992
43697.234068156926
-3667.117722510382
0.000000000000
0.000000000000
2348.280491601749
-8126.305005192263
25768.209039979418
-8201.207154003478
-3987.149769408374
0.000000000000
0.000000000000
-14235.010096657545
26930.913147086932
-10748.409991436920
0.000000000000
0.000000000000
-619.244914725515
0.000000000000
0.000000000000
0.000000000000
1.737638942241
-7.311623601117
41.290011598404
-131.344520012564
250.856736060144
-307.104883749147
272.293164428262
-211.550349670298
143.539026088708
-68.619359291705
22.485669186236
-5.333333333333
1.000000000000
33.481917197545
-112.259947068635
72.001817837672
104.850843004781
108.679745856982
-594.314870389394
770.329306158946
-444.899553234768
190.928239877080
-51.819884455515
12.973194218954
139.544069508507
-523.873960358626
3641.436172346410
-7372.219769919800
8860.241071754181
-6326.672809926673
3302.431449283179
-1054.012125014492
233.571060404860
537.617556089035
-797.429953881675
-1025.150894250435
2863.134337775491
-1015.788125649033
469.656098320350
-143.622320474841
1717.636208175240
-3582.803330478973
6732.728286771733
-4745.003365552515
2086.031128985989
896.105285200788
-619.244914725515
819.889082891930
431.971817904895
-7.311623601117
82.580023196807
-394.033560037691
1003.426944240574
-1535.524418745733
1633.758986569574
-1480.852447692086
1148.312208709664
-617.574233625345
224.856691862356
-58.666666666667
12.000000000000
0.000000000000
-112.259947068635
144.003635675344
314.552529014342
434.718983427929
-2971.574351946968
4621.975836953678
-3114.296872643374
1527.425919016637
-466.378960099632
129.731942189540
0.000000000000
-523.873960358626
7282.872344692821
-22116.659309759398
35440.964287016723
-31633.364049633365
19814.588695699073
-7378.084875101446
1868.568483238881
0.000000000000
-797.429953881675
-2050.301788500869
8589.403013326473
-4063.152502596131
2348.280491601749
-861.733922849045
0.000000000000
-3582.803330478973
13465.456573543466
-14235.010096657545
8344.124515943957
0.000000000000
-619.244914725515
1639.778165783859
0.000000000000
0.000000000000
20.851667306889
-80.427859612284
412.900115984035
-1182.100680113072
2006.853888481148
-2149.734186244026
1633.758986569574
-1057.751748351490
574.156104354832
-205.858077875115
44.971338372471
-5.333333333333
0.000000000000
334.819171975448
-1010.339523617718
576.014542701375
733.955901033465
652.078475141894
-2971.574351946968
3081.317224635786
-1334.698659704303
381.856479754159
-51.819884455515
0.000000000000
1116.352556068056
-3667.117722510382
21848.617034078463
-36861.098849598995
35440.964287016723
-18980.018429780019
6604.862898566358
-1054.012125014492
0.000000000000
3225.705336534212
-3987.149769408374
-4100.603577001739
8589.403013326473
-2031.576251298066
469.656098320350
0.000000000000
6870.544832700959
-10748.409991436920
13465.456573543466
-4745.003365552515
0.000000000000
1792.210570401576
-619.244914725515
0.000000000000
0.000000000000
82.580023196807
-788.067120075381
3010.280832721723
-6142.097674982932
8168.794932847868
-8885.114686152518
8038.185460967651
-4940.593869002761
2023.710226761202
-586.666666666667
132.000000000000
0.000000000000
0.000000000000
144.003635675344
629.105058028684
1304.156950283788
-11886.297407787872
23109.879184768393
-18685.781235860242
10691.981433116456
-3731.031680797055
1167.587479705858
0.000000000000
0.000000000000
7282.872344692821
-44233.318619518795
106322.892861050175
-126533.456198533459
99072.943478495363
-44268.509250608680
13079.979382672169
0.000000000000
0.000000000000
-2050.301788500869
17178.806026652946
-12189.457507788395
9393.121966406998
-4308.669614245226
0.000000000000
0.000000000000
13465.456573543466
-28470.020193315089
25032.373547831870
0.000000000000
0.000000000000
1639.778165783859
0.000000000000
0.000000000000
0.000000000000
229.368340375774
-804.278596122843
3716.101043856318
-9456.805440904576
14047.977219368038
-12898.405117464157
8168.794932847868
-4231.006993405961
1722.468313064497
-411.716155750230
44.971338372471
0.000000000000
0.000000000000
3013.372547779029
-8082.716188941741
4032.101798909629
4403.735406200787
3260.392375709471
-11886.297407787872
9243.951673907357
-2669.397319408606
381.856479754159
0.000000000000
0.000000000000
7814.467892476392
-22002.706335062288
109243.085170392311
-147444.395398395980
106322.892861050175
-37960.036859560038
6604.862898566358
0.000000000000
0.000000000000
16128.526682671061
-15948.599077633495
-12301.810731005216
17178.806026652946
-2031.576251298066
0.000000000000
0.000000000000
20611.634498102878
-21496.819982873840
13465.456573543466
0.000000000000
0.000000000000
1792.210570401576
0.000000000000
0.000000000000
0.000000000000
-80.427859612284
825.800231968071
-3546.302040339216
8027.415553924593
-10748.670931220131
9802.553919417442
-7404.262238460432
4593.248834838658
-1852.722700876036
449.713383724712
-58.666666666667
0.000000000000
0.000000000000
-1010.339523617718
1152.029085402751
2201.867703100394
2608.313900567577
-14857.871759734840
18487.903347814714
-9342.890617930121
3054.851838033273
-466.378960099632
0.000000000000
0.000000000000
-3667.117722510382
43697.234068156926
-110583.296548796992
141763.857148066891
-94900.092148900090
39629.177391398145
-7378.084875101446
0.000000000000
0.000000000000
-3987.149769408374
-8201.207154003478
25768.209039979418
-8126.305005192263
2348.280491601749
0.000000000000
0.000000000000
-10748.409991436920
26930.913147086932
-14235.010096657545
0.000000000000
0.000000000000
-619.244914725515
0.000000000000
0.000000000000
0.000000000000
