70000.000000000000
0.330000000000
436.000000000000
222.000000000000
6.750000000000
8.000000000000
25.000000000000
1.000000000000
-3.555555555556
11.372652688210
-22.940330245590
33.028391355745
-29.449837738525
14.720914121120
-4.054488316729
1.445350001797
10.666984603575
-31.356653864760
91.891311823889
-87.889589143987
84.555593893268
-33.600162468136
16.069765878392
51.765546077180
-136.760032938988
226.241970955828
-107.176020952575
58.220559084465
107.176780229412
-97.789899987252
105.668324287261
54.522430761148
8.000000000000
-24.888888888889
68.235916129259
-114.701651227951
132.113565422978
-88.349513215575
29.441828242240
-4.054488316729
0.000000000000
64.001907621451
-156.783269323800
367.565247295556
-263.668767431962
169.111187786536
-33.600162468136
0.000000000000
207.062184308722
-410.280098816963
452.483941911657
-107.176020952575
0.000000000000
214.353560458823
-97.789899987252
0.000000000000
0.000000000000
-3.555555555556
22.745305376420
-68.820990736770
132.113565422978
-147.249188692625
88.325484726720
-28.381418217102
11.562800014375
0.000000000000
-31.356653864760
183.782623647778
-263.668767431962
338.222375573072
-168.000812340679
96.418595270352
0.000000000000
-136.760032938988
452.483941911657
-321.528062857724
232.882236337861
0.000000000000
-97.789899987252
211.336648574522
0.000000000000
0.000000000000
56.000000000000
-149.333333333333
341.179580646296
-458.806604911802
396.340696268935
-176.699026431150
29.441828242240
0.000000000000
0.000000000000
320.009538107253
-627.133077295200
1102.695741886667
-527.337534863924
169.111187786536
0.000000000000
0.000000000000
621.186552926166
-820.560197633926
452.483941911657
0.000000000000
0.000000000000
214.353560458823
0.000000000000
0.000000000000
0.000000000000
22.745305376420
-137.641981473541
396.340696268935
-588.996754770499
441.627423633599
-170.288509302610
80.939600100623
0.000000000000
0.000000000000
183.782623647778
-527.337534863924
1014.667126719216
-672.003249362715
482.092976351758
0.000000000000
0.000000000000
452.483941911657
-643.056125715448
698.646709013583
0.000000000000
0.000000000000
211.336648574522
0.000000000000
0.000000000000
0.000000000000
-24.888888888889
136.471832258518
-344.104953683852
528.454261691914
-441.747566077875
176.650969453440
-28.381418217102
0.000000000000
0.000000000000
-156.783269323800
735.130494591111
-791.006302295886
676.444751146144
-168.000812340679
0.000000000000
0.000000000000
-410.280098816963
904.967883823314
-321.528062857724
0.000000000000
0.000000000000
-97.789899987252
0.000000000000
0.000000000000
0.000000000000
1.445350001797
-4.054488316729
14.720914121120
-29.449837738525
33.028391355745
-22.940330245590
11.372652688210
-3.555555555556
1.000000000000
16.069765878392
-33.600162468136
84.555593893268
-87.889589143987
91.891311823889
-31.356653864760
10.666984603575
58.220559084465
-107.176020952575
226.241970955828
-136.760032938988
51.765546077180
105.668324287261
-97.789899987252
107.176780229412
54.522430761148
-4.054488316729
29.441828242240
-88.349513215575
132.113565422978
-114.701651227951
68.235916129259
-24.888888888889
8.000000000000
0.000000000000
-33.600162468136
169.111187786536
-263.668767431962
367.565247295556
-156.783269323800
64.001907621451
0.000000000000
-107.176020952575
452.483941911657
-410.280098816963
207.062184308722
0.000000000000
-97.789899987252
214.353560458823
0.000000000000
0.000000000000
11.562800014375
-28.381418217102
88.325484726720
-147.249188692625
132.113565422978
-68.820990736770
22.745305376420
-3.555555555556
0.000000000000
96.418595270352
-168.000812340679
338.222375573072
-263.668767431962
183.782623647778
-31.356653864760
0.000000000000
232.882236337861
-321.528062857724
452.483941911657
-136.760032938988
0.000000000000
211.336648574522
-97.789899987252
0.000000000000
0.000000000000
29.441828242240
-176.699026431150
396.340696268935
-458.806604911802
341.179580646296
-149.333333333333
56.000000000000
0.000000000000
0.000000000000
169.111187786536
-527.337534863924
1102.695741886667
-627.133077295200
320.009538107253
0.000000000000
0.000000000000
452.483941911657
-820.560197633926
621.186552926166
0.000000000000
0.000000000000
214.353560458823
0.000000000000
0.000000000000
0.000000000000
80.939600100623
-170.288509302610
441.627423633599
-588.996754770499
396.340696268935
-137.641981473541
22.745305376420
0.000000000000
0.000000000000
482.092976351758
-672.003249362715
1014.667126719216
-527.337534863924
183.782623647778
0.000000000000
0.000000000000
698.646709013583
-643.056125715448
452.483941911657
0.000000000000
0.000000000000
211.336648574522
0.000000000000
0.000000000000
0.000000000000
-28.381418217102
176.650969453440
-441.747566077875
528.454261691914
-344.104953683852
136.471832258518
-24.888888888889
0.000000000000
0.000000000000
-168.000812340679
676.444751146144
-791.006302295886
735.130494591111
-156.783269323800
0.000000000000
0.000000000000
-321.528062857724
904.967883823314
-410.280098816963
0.000000000000
0.000000000000
-97.789899987252
0.000000000000
0.000000000000
0.000000000000
