70000.000000000000
0.330000000000
436.000000000000
222.000000000000
6.750000000000
8.000000000000
25.000000000000
1.000000000000
-3.550500000000
13.980093750000
-31.455210937500
44.233890380859
-39.810501342773
22.393407005310
-7.197880823135
2.565784513950
10.238575184000
-34.100898066000
115.601610800250
-158.632789958156
146.308288669066
-54.623044973395
20.756525552216
42.099376751125
-125.186306450578
265.472017169604
-158.438919101512
67.435061246127
85.558311458992
-163.018035548991
108.284737940287
72.508298940610
8.000000000000
-24.853500000000
83.880562500000
-157.276054687500
176.935561523438
-119.431504028320
44.786814010620
-7.197880823135
0.000000000000
61.431451104000
-170.504490330000
462.406443201000
-475.898369874469
292.616577338133
-54.623044973395
0.000000000000
168.397507004502
-375.558919351733
530.944034339209
-158.438919101512
0.000000000000
171.116622917984
-163.018035548991
0.000000000000
0.000000000000
-3.550500000000
27.960187500000
-94.365632812500
176.935561523438
-199.052506713867
134.360442031860
-50.385165761948
20.526276111603
0.000000000000
-34.100898066000
231.203221600500
-475.898369874469
585.233154676265
-273.115224866975
124.539153313297
0.000000000000
-125.186306450578
530.944034339209
-475.316757304537
269.740244984506
0.000000000000
-163.018035548991
216.569475880573
0.000000000000
0.000000000000
56.000000000000
-149.121000000000
419.402812500000
-629.104218750000
530.806684570313
-238.863008056641
44.786814010620
0.000000000000
0.000000000000
307.157255520000
-682.017961320000
1387.219329603000
-951.796739748938
292.616577338133
0.000000000000
0.000000000000
505.192521013506
-751.117838703466
530.944034339209
0.000000000000
0.000000000000
171.116622917984
0.000000000000
0.000000000000
0.000000000000
27.960187500000
-188.731265625000
530.806684570313
-796.210026855469
671.802210159302
-302.310994571686
143.683932781219
0.000000000000
0.000000000000
231.203221600500
-951.796739748938
1755.699464028796
-1092.460899467900
622.695766566484
0.000000000000
0.000000000000
530.944034339209
-950.633514609074
809.220734953518
0.000000000000
0.000000000000
216.569475880573
0.000000000000
0.000000000000
0.000000000000
-24.853500000000
167.761125000000
-471.828164062500
707.742246093750
-597.157520141602
268.720884063721
-50.385165761948
0.000000000000
0.000000000000
-170.504490330000
924.812886402000
-1427.695109623406
1170.466309352531
-273.115224866975
0.000000000000
0.000000000000
-375.558919351733
1061.888068678418
-475.316757304537
0.000000000000
0.000000000000
-163.018035548991
0.000000000000
0.000000000000
0.000000000000
2.565784513950
-7.197880823135
22.393407005310
-39.810501342773
44.233890380859
-31.455210937500
13.980093750000
-3.550500000000
1.000000000000
20.756525552216
-54.623044973395
146.308288669066
-158.632789958156
115.601610800250
-34.100898066000
10.238575184000
67.435061246127
-158.438919101512
265.472017169604
-125.186306450578
42.099376751125
108.284737940287
-163.018035548991
85.558311458992
72.508298940610
-7.197880823135
44.786814010620
-119.431504028320
176.935561523438
-157.276054687500
83.880562500000
-24.853500000000
8.000000000000
0.000000000000
-54.623044973395
292.616577338133
-475.898369874469
462.406443201000
-170.504490330000
61.431451104000
0.000000000000
-158.438919101512
530.944034339209
-375.558919351733
168.397507004502
0.000000000000
-163.018035548991
171.116622917984
0.000000000000
0.000000000000
20.526276111603
-50.385165761948
134.360442031860
-199.052506713867
176.935561523438
-94.365632812500
27.960187500000
-3.550500000000
0.000000000000
124.539153313297
-273.115224866975
585.233154676265
-475.898369874469
231.203221600500
-34.100898066000
0.000000000000
269.740244984506
-475.316757304537
530.944034339209
-125.186306450578
0.000000000000
216.569475880573
-163.018035548991
0.000000000000
0.000000000000
44.786814010620
-238.863008056641
530.806684570313
-629.104218750000
419.402812500000
-149.121000000000
56.000000000000
0.000000000000
0.000000000000
292.616577338133
-951.796739748938
1387.219329603000
-682.017961320000
307.157255520000
0.000000000000
0.000000000000
530.944034339209
-751.117838703466
505.192521013506
0.000000000000
0.000000000000
171.116622917984
0.000000000000
0.000000000000
0.000000000000
143.683932781219
-302.310994571686
671.802210159302
-796.210026855469
530.806684570313
-188.731265625000
27.960187500000
0.000000000000
0.000000000000
622.695766566484
-1092.460899467900
1755.699464028796
-951.796739748938
231.203221600500
0.000000000000
0.000000000000
809.220734953518
-950.633514609074
530.944034339209
0.000000000000
0.000000000000
216.569475880573
0.000000000000
0.000000000000
0.000000000000
-50.385165761948
268.720884063721
-597.157520141602
707.742246093750
-471.828164062500
167.761125000000
-24.853500000000
0.000000000000
0.000000000000
-273.115224866975
1170.466309352531
-1427.695109623406
924.812886402000
-170.504490330000
0.000000000000
0.000000000000
-475.316757304537
1061.888068678418
-375.558919351733
0.000000000000
0.000000000000
-163.018035548991
0.000000000000
0.000000000000
0.000000000000
