70000.000000000000
0.330000000000
436.000000000000
222.000000000000
6.750000000000
6.000000000000
16.000000000000
1.000000000000
-2.666666666667
8.148622315633
-11.424271924971
7.781223007624
-2.773346030298
1.318195335389
8.381996295320
-18.925641396411
38.800187895877
-13.832750820630
9.914061794013
27.581483854640
-30.760459046110
30.109328915891
20.001758795332
6.000000000000
-13.333333333333
32.594489262532
-34.272815774914
15.562446015248
-2.773346030298
0.000000000000
33.527985181281
-56.776924189232
77.600375791754
-13.832750820630
0.000000000000
55.162967709281
-30.760459046110
0.000000000000
0.000000000000
-2.666666666667
16.297244631266
-34.272815774914
31.124892030496
-13.866730151492
7.909172012333
0.000000000000
-18.925641396411
77.600375791754
-41.498252461890
39.656247176053
0.000000000000
-30.760459046110
60.218657831782
0.000000000000
0.000000000000
30.000000000000
-53.333333333333
97.783467787595
-68.545631549828
15.562446015248
0.000000000000
0.000000000000
100.583955543842
-113.553848378464
77.600375791754
0.000000000000
0.000000000000
55.162967709281
0.000000000000
0.000000000000
0.000000000000
16.297244631266
-68.545631549828
93.374676091489
-55.466920605969
39.545860061663
0.000000000000
0.000000000000
77.600375791754
-82.996504923780
118.968741528160
0.000000000000
0.000000000000
60.218657831782
0.000000000000
0.000000000000
0.000000000000
-13.333333333333
65.188978525063
-102.818447324742
62.249784060993
-13.866730151492
0.000000000000
0.000000000000
-56.776924189232
155.200751583507
-41.498252461890
0.000000000000
0.000000000000
-30.760459046110
0.000000000000
0.000000000000
0.000000000000
1.318195335389
-2.773346030298
7.781223007624
-11.424271924971
8.148622315633
-2.666666666667
1.000000000000
9.914061794013
-13.832750820630
38.800187895877
-18.925641396411
8.381996295320
30.109328915891
-30.760459046110
27.581483854640
20.001758795332
-2.773346030298
15.562446015248
-34.272815774914
32.594489262532
-13.333333333333
6.000000000000
0.000000000000
-13.832750820630
77.600375791754
-56.776924189232
33.527985181281
0.000000000000
-30.760459046110
55.162967709281
0.000000000000
0.000000000000
7.909172012333
-13.866730151492
31.124892030496
-34.272815774914
16.297244631266
-2.666666666667
0.000000000000
39.656247176053
-41.498252461890
77.600375791754
-18.925641396411
0.000000000000
60.218657831782
-30.760459046110
0.000000000000
0.000000000000
15.562446015248
-68.545631549828
97.783467787595
-53.333333333333
30.000000000000
0.000000000000
0.000000000000
77.600375791754
-113.553848378464
100.583955543842
0.000000000000
0.000000000000
55.162967709281
0.000000000000
0.000000000000
0.000000000000
39.545860061663
-55.466920605969
93.374676091489
-68.545631549828
16.297244631266
0.000000000000
0.000000000000
118.968741528160
-82.996504923780
77.600375791754
0.000000000000
0.000000000000
60.218657831782
0.000000000000
0.000000000000
0.000000000000
-13.866730151492
62.249784060993
-102.818447324742
65.188978525063
-13.333333333333
0.000000000000
0.000000000000
-41.498252461890
155.200751583507
-56.776924189232
0.000000000000
0.000000000000
-30.760459046110
0.000000000000
0.000000000000
0.000000000000
