70000.000000000000
0.330000000000
436.000000000000
222.000000000000
6.750000000000
10.000000000000
36.000000000000
1.000000000000
-4.444444444444
15.841537868151
-39.436850886398
74.521617775175
-96.761968805766
87.378622200142
-55.036594353452
22.646936295897
-5.556986262340
1.584770156297
14.667229789962
-53.445547057547
180.725666065415
-321.243292592182
412.610664163436
-297.284353048395
179.006595929229
-64.514388186958
22.849200425114
79.306826415426
-297.202716266872
749.339801535690
-747.057124458222
684.918487679368
-235.976024463004
99.249994162424
249.722435978320
-596.484500134854
956.014280449751
-555.551349459612
298.825962412515
373.124233598602
-312.500857382568
364.711496529252
146.107291175694
10.000000000000
-40.000000000000
126.732302945208
-276.057956204789
447.129706651047
-483.809844028830
349.514488800569
-165.109783060356
45.293872591794
-5.556986262340
0.000000000000
117.337838319693
-374.118829402831
1084.353996392490
-1606.216462960911
1650.442656653744
-891.853059145184
358.013191858459
-64.514388186958
0.000000000000
475.840958492553
-1486.013581334358
2997.359206142758
-2241.171373374667
1369.836975358737
-235.976024463004
0.000000000000
998.889743913278
-1789.453500404563
1912.028560899502
-555.551349459612
0.000000000000
746.248467197205
-312.500857382568
0.000000000000
0.000000000000
-4.444444444444
31.683075736302
-118.310552659195
298.086471100698
-483.809844028830
524.271733200854
-385.256160474165
181.175490367177
-50.012876361064
15.847701562971
0.000000000000
-53.445547057547
361.451332130830
-963.729877776547
1650.442656653744
-1486.421765241972
1074.039575575376
-451.600717308709
182.793603400914
0.000000000000
-297.202716266872
1498.679603071379
-2241.171373374667
2739.673950717474
-1179.880122315019
595.499964974543
0.000000000000
-596.484500134854
1912.028560899502
-1666.654048378836
1195.303849650060
0.000000000000
-312.500857382568
729.422993058503
0.000000000000
0.000000000000
90.000000000000
-320.000000000000
887.126120616457
-1656.347737228734
2235.648533255236
-1935.239376115320
1048.543466401708
-330.219566120713
45.293872591794
0.000000000000
0.000000000000
821.364868237851
-2244.712976416983
5421.769981962452
-6424.865851843644
4951.327969961233
-1783.706118290367
358.013191858459
0.000000000000
0.000000000000
2379.204792462766
-5944.054325337431
8992.077618428275
-4482.342746749335
1369.836975358737
0.000000000000
0.000000000000
2996.669231739834
-3578.907000809125
1912.028560899502
0.000000000000
0.000000000000
746.248467197205
0.000000000000
0.000000000000
0.000000000000
31.683075736302
-236.621105318391
894.259413302094
-1935.239376115320
2621.358666004271
-2311.536962844988
1268.228432570241
-400.103010888510
142.629314066737
0.000000000000
0.000000000000
361.451332130830
-1927.459755553093
4951.327969961233
-5945.687060967890
5370.197877876881
-2709.604303852253
1279.555223806399
0.000000000000
0.000000000000
1498.679603071379
-4482.342746749335
8219.021852152422
-4719.520489260076
2977.499824872716
0.000000000000
0.000000000000
1912.028560899502
-3333.308096757672
3585.911548950180
0.000000000000
0.000000000000
729.422993058503
0.000000000000
0.000000000000
0.000000000000
-40.000000000000
253.464605890416
-828.173868614367
1788.518826604188
-2419.049220144150
2097.086932803417
-1155.768481422494
362.350980734355
-50.012876361064
0.000000000000
0.000000000000
-374.118829402831
2168.707992784981
-4818.649388882734
6601.770626614977
-4459.265295725918
2148.079151150752
-451.600717308709
0.000000000000
0.000000000000
-1486.013581334358
5994.718412285517
-6723.514120124002
5479.347901434948
-1179.880122315019
0.000000000000
0.000000000000
-1789.453500404563
3824.057121799003
-1666.654048378836
0.000000000000
0.000000000000
-312.500857382568
0.000000000000
0.000000000000
0.000000000000
1.584770156297
-5.556986262340
22.646936295897
-55.036594353452
87.378622200142
-96.761968805766
74.521617775175
-39.436850886398
15.841537868151
-4.444444444444
1.000000000000
22.849200425114
-64.514388186958
179.006595929229
-297.284353048395
412.610664163436
-321.243292592182
180.725666065415
-53.445547057547
14.667229789962
99.249994162424
-235.976024463004
684.918487679368
-747.057124458222
749.339801535690
-297.202716266872
79.306826415426
298.825962412515
-555.551349459612
956.014280449751
-596.484500134854
249.722435978320
364.711496529252
-312.500857382568
373.124233598602
146.107291175694
-5.556986262340
45.293872591794
-165.109783060356
349.514488800569
-483.809844028830
447.129706651047
-276.057956204789
126.732302945208
-40.000000000000
10.000000000000
0.000000000000
-64.514388186958
358.013191858459
-891.853059145184
1650.442656653744
-1606.216462960911
1084.353996392490
-374.118829402831
117.337838319693
0.000000000000
-235.976024463004
1369.836975358737
-2241.171373374667
2997.359206142758
-1486.013581334358
475.840958492553
0.000000000000
-555.551349459612
1912.028560899502
-1789.453500404563
998.889743913278
0.000000000000
-312.500857382568
746.248467197205
0.000000000000
0.000000000000
15.847701562971
-50.012876361064
181.175490367177
-385.256160474165
524.271733200854
-483.809844028830
298.086471100698
-118.310552659195
31.683075736302
-4.444444444444
0.000000000000
182.793603400914
-451.600717308709
1074.039575575376
-1486.421765241972
1650.442656653744
-963.729877776547
361.451332130830
-53.445547057547
0.000000000000
595.499964974543
-1179.880122315019
2739.673950717474
-2241.171373374667
1498.679603071379
-297.202716266872
0.000000000000
1195.303849650060
-1666.654048378836
1912.028560899502
-596.484500134854
0.000000000000
729.422993058503
-312.500857382568
0.000000000000
0.000000000000
45.293872591794
-330.219566120713
1048.543466401708
-1935.239376115320
2235.648533255236
-1656.347737228734
887.126120616457
-320.000000000000
90.000000000000
0.000000000000
0.000000000000
358.013191858459
-1783.706118290367
4951.327969961233
-6424.865851843644
5421.769981962452
-2244.712976416983
821.364868237851
0.000000000000
0.000000000000
1369.836975358737
-4482.342746749335
8992.077618428275
-5944.054325337431
2379.204792462766
0.000000000000
0.000000000000
1912.028560899502
-3578.907000809125
2996.669231739834
0.000000000000
0.000000000000
746.248467197205
0.000000000000
0.000000000000
0.000000000000
142.629314066737
-400.103010888510
1268.228432570241
-2311.536962844988
2621.358666004271
-1935.239376115320
894.259413302094
-236.621105318391
31.683075736302
0.000000000000
0.000000000000
1279.555223806399
-2709.604303852253
5370.197877876881
-5945.687060967890
4951.327969961233
-1927.459755553093
361.451332130830
0.000000000000
0.000000000000
2977.499824872716
-4719.520489260076
8219.021852152422
-4482.342746749335
1498.679603071379
0.000000000000
0.000000000000
3585.911548950180
-3333.308096757672
1912.028560899502
0.000000000000
0.000000000000
729.422993058503
0.000000000000
0.000000000000
0.000000000000
-50.012876361064
362.350980734355
-1155.768481422494
2097.086932803417
-2419.049220144150
1788.518826604188
-828.173868614367
253.464605890416
-40.000000000000
0.000000000000
0.000000000000
-451.600717308709
2148.079151150752
-4459.265295725918
6601.770626614977
-4818.649388882734
2168.707992784981
-374.118829402831
0.000000000000
0.000000000000
-1179.880122315019
5479.347901434948
-6723.514120124002
5994.718412285517
-1486.013581334358
0.000000000000
0.000000000000
-1666.654048378836
3824.057121799003
-1789.453500404563
0.000000000000
0.000000000000
-312.500857382568
0.000000000000
0.000000000000
0.000000000000
