70000.000000000000
0.330000000000
436.000000000000
222.000000000000
6.750000000000
6.000000000000
16.000000000000
1.000000000000
-2.666666666667
6.172839506173
-7.462277091907
7.824010567495
-4.284080452957
2.036260462208
7.196296296296
-12.793415637860
23.928425544886
-16.215522701485
11.561067111244
17.262226794696
-15.344201595285
21.879694867351
13.802677638722
6.000000000000
-13.333333333333
24.691358024691
-22.386831275720
15.648021134990
-4.284080452957
0.000000000000
28.785185185185
-38.380246913580
47.856851089773
-16.215522701485
0.000000000000
34.524453589392
-15.344201595285
0.000000000000
0.000000000000
-2.666666666667
12.345679012346
-22.386831275720
31.296042269979
-21.420402264786
12.217562773248
0.000000000000
-12.793415637860
47.856851089773
-48.646568104456
46.244268444976
0.000000000000
-15.344201595285
43.759389734702
0.000000000000
0.000000000000
30.000000000000
-53.333333333333
74.074074074074
-44.773662551440
15.648021134990
0.000000000000
0.000000000000
86.355555555556
-76.760493827161
47.856851089773
0.000000000000
0.000000000000
34.524453589392
0.000000000000
0.000000000000
0.000000000000
12.345679012346
-44.773662551440
93.888126809937
-85.681609059143
61.087813866241
0.000000000000
0.000000000000
47.856851089773
-97.293136208911
138.732805334929
0.000000000000
0.000000000000
43.759389734702
0.000000000000
0.000000000000
0.000000000000
-13.333333333333
49.382716049383
-67.160493827160
62.592084539958
-21.420402264786
0.000000000000
0.000000000000
-38.380246913580
95.713702179546
-48.646568104456
0.000000000000
0.000000000000
-15.344201595285
0.000000000000
0.000000000000
0.000000000000
2.036260462208
-4.284080452957
7.824010567495
-7.462277091907
6.172839506173
-2.666666666667
1.000000000000
11.561067111244
-16.215522701485
23.928425544886
-12.793415637860
7.196296296296
21.879694867351
-15.344201595285
17.262226794696
13.802677638722
-4.284080452957
15.648021134990
-22.386831275720
24.691358024691
-13.333333333333
6.000000000000
0.000000000000
-16.215522701485
47.856851089773
-38.380246913580
28.785185185185
0.000000000000
-15.344201595285
34.524453589392
0.000000000000
0.000000000000
12.217562773248
-21.420402264786
31.296042269979
-22.386831275720
12.345679012346
-2.666666666667
0.000000000000
46.244268444976
-48.646568104456
47.856851089773
-12.793415637860
0.000000000000
43.759389734702
-15.344201595285
0.000000000000
0.000000000000
15.648021134990
-44.773662551440
74.074074074074
-53.333333333333
30.000000000000
0.000000000000
0.000000000000
47.856851089773
-76.760493827161
86.355555555556
0.000000000000
0.000000000000
34.524453589392
0.000000000000
0.000000000000
0.000000000000
61.087813866241
-85.681609059143
93.888126809937
-44.773662551440
12.345679012346
0.000000000000
0.000000000000
138.732805334929
-97.293136208911
47.856851089773
0.000000000000
0.000000000000
43.759389734702
0.000000000000
0.000000000000
0.000000000000
-21.420402264786
62.592084539958
-67.160493827160
49.382716049383
-13.333333333333
0.000000000000
0.000000000000
-48.646568104456
95.713702179546
-38.380246913580
0.000000000000
0.000000000000
-15.344201595285
0.000000000000
0.000000000000
0.000000000000
