0.0 55.1208
2.88032 55.086
6.20825 54.9428
8.17475 54.7257
10.4438 54.4652
13.1666 54.1787
16.6458 53.7446
18.4611 53.445
22.2428 53.0152
25.1169 52.5985
27.5373 52.3771
28.2936 52.2078
30.7139 52.0602
33.1342 51.9169
38.2774 51.778
41.6053 51.8909
43.118 51.9473
45.9921 52.1166
49.7739 52.4162
52.648 52.6636
55.6734 52.9371
57.9424 53.2323
60.3627 53.5319
62.6318 53.788
63.9932 53.992
65.2034 54.0441
67.3211 54.2872
69.1364 54.513
71.708 54.8473
74.2795 55.1685
76.3973 55.2988
78.5151 55.4811
79.7253 55.5766
80.6329 55.6547
83.2045 55.7025
86.3811 55.7459
90.0 55.8284
