0.0 53.7001
3.4854 53.6795
6.51079 53.6361
9.23364 53.5492
11.8052 53.4928
13.6205 53.406
16.0408 53.3626
18.9149 53.2887
22.8479 53.2063
25.722 53.1672
28.8987 53.1238
32.6804 53.1759
36.0084 53.267
39.7901 53.3712
43.7231 53.4884
46.7485 53.5926
50.984 53.7229
56.2785 53.8661
59.9089 53.9877
62.9343 54.0745
64.7496 54.1006
66.8673 54.144
70.044 54.1917
72.1618 54.2699
75.0359 54.3176
77.3049 54.3697
79.574 54.4088
81.5405 54.3914
83.507 54.4479
85.776 54.4479
86.9862 54.4218
88.1963 54.3914
90.0 54.4088

