70000.000000000000
0.330000000000
498.800000000000
0.008900000000
0.285000000000
8.000000000000
25.000000000000
1.000000000000
-2.754098360656
11.785951524626
-25.490338844961
32.733992967696
-26.105737692928
12.941722087652
-4.442497140448
1.849746041288
14.305662467881
-27.054326167187
82.014468931472
-63.040508405807
79.277711522933
-30.479520733325
13.335828829152
62.362931325642
-8.390085010040
267.268190425091
10.105086589646
54.250620475116
176.414642400261
-96.074847034349
138.419142464309
96.040892715157
8.000000000000
-19.278688524590
70.715709147758
-127.451694224806
130.935971870785
-78.317213078785
25.883444175305
-4.442497140448
0.000000000000
85.833974807286
-135.271630835937
328.057875725890
-189.121525217421
158.555423045867
-30.479520733325
0.000000000000
249.451725302566
-25.170255030120
534.536380850182
10.105086589646
0.000000000000
352.829284800522
-96.074847034349
0.000000000000
0.000000000000
-2.754098360656
23.571903049253
-76.471016534884
130.935971870785
-130.528688464642
77.650332525915
-31.097479983136
14.797968330303
0.000000000000
-27.054326167187
164.028937862945
-189.121525217421
317.110846091733
-152.397603666627
80.014972974911
0.000000000000
-8.390085010040
534.536380850182
30.315259768939
217.002481900462
0.000000000000
-96.074847034349
276.838284928618
0.000000000000
0.000000000000
56.000000000000
-115.672131147541
353.578545738788
-509.806776899225
392.807915612354
-156.634426157571
25.883444175305
0.000000000000
0.000000000000
429.169874036429
-541.086523343747
984.173627177670
-378.243050434842
158.555423045867
0.000000000000
0.000000000000
748.355175907699
-50.340510060240
534.536380850182
0.000000000000
0.000000000000
352.829284800522
0.000000000000
0.000000000000
0.000000000000
23.571903049253
-152.942033069767
392.807915612354
-522.114753858570
388.251662629574
-186.584879898815
103.585778312124
0.000000000000
0.000000000000
164.028937862945
-378.243050434842
951.332538275199
-609.590414666509
400.074864874554
0.000000000000
0.000000000000
534.536380850182
60.630519537877
651.007445701387
0.000000000000
0.000000000000
276.838284928618
0.000000000000
0.000000000000
0.000000000000
-19.278688524590
141.431418295515
-382.355082674419
523.743887483138
-391.586065393927
155.300665051830
-31.097479983136
0.000000000000
0.000000000000
-135.271630835937
656.115751451780
-567.364575652263
634.221692183466
-152.397603666627
0.000000000000
0.000000000000
-25.170255030120
1069.072761700364
30.315259768939
0.000000000000
0.000000000000
-96.074847034349
0.000000000000
0.000000000000
0.000000000000
1.849746041288
-4.442497140448
12.941722087652
-26.105737692928
32.733992967696
-25.490338844961
11.785951524626
-2.754098360656
1.000000000000
13.335828829152
-30.479520733325
79.277711522933
-63.040508405807
82.014468931472
-27.054326167187
14.305662467881
54.250620475116
10.105086589646
267.268190425091
-8.390085010040
62.362931325642
138.419142464309
-96.074847034349
176.414642400261
96.040892715157
-4.442497140448
25.883444175305
-78.317213078785
130.935971870785
-127.451694224806
70.715709147758
-19.278688524590
8.000000000000
0.000000000000
-30.479520733325
158.555423045867
-189.121525217421
328.057875725890
-135.271630835937
85.833974807286
0.000000000000
10.105086589646
534.536380850182
-25.170255030120
249.451725302566
0.000000000000
-96.074847034349
352.829284800522
0.000000000000
0.000000000000
14.797968330303
-31.097479983136
77.650332525915
-130.528688464642
130.935971870785
-76.471016534884
23.571903049253
-2.754098360656
0.000000000000
80.014972974911
-152.397603666627
317.110846091733
-189.121525217421
164.028937862945
-27.054326167187
0.000000000000
217.002481900462
30.315259768939
534.536380850182
-8.390085010040
0.000000000000
276.838284928618
-96.074847034349
0.000000000000
0.000000000000
25.883444175305
-156.634426157571
392.807915612354
-509.806776899225
353.578545738788
-115.672131147541
56.000000000000
0.000000000000
0.000000000000
158.555423045867
-378.243050434842
984.173627177670
-541.086523343747
429.169874036429
0.000000000000
0.000000000000
534.536380850182
-50.340510060240
748.355175907699
0.000000000000
0.000000000000
352.829284800522
0.000000000000
0.000000000000
0.000000000000
103.585778312124
-186.584879898815
388.251662629574
-522.114753858570
392.807915612354
-152.942033069767
23.571903049253
0.000000000000
0.000000000000
400.074864874554
-609.590414666509
951.332538275199
-378.243050434842
164.028937862945
0.000000000000
0.000000000000
651.007445701387
60.630519537877
534.536380850182
0.000000000000
0.000000000000
276.838284928618
0.000000000000
0.000000000000
0.000000000000
-31.097479983136
155.300665051830
-391.586065393927
523.743887483138
-382.355082674419
141.431418295515
-19.278688524590
0.000000000000
0.000000000000
-152.397603666627
634.221692183466
-567.364575652263
656.115751451780
-135.271630835937
0.000000000000
0.000000000000
30.315259768939
1069.072761700364
-25.170255030120
0.000000000000
0.000000000000
-96.074847034349
0.000000000000
0.000000000000
0.000000000000
