70000.000000000000
0.330000000000
498.800000000000
0.008900000000
0.285000000000
8.000000000000
25.000000000000
1.000000000000
-2.754098360656
11.785951524626
-25.490338844961
32.733992967696
-26.105737692928
12.941722087652
-4.442497140448
1.849746041288
13.728955208885
-24.338193903782
79.649733287709
-66.335037117948
81.637285112206
-35.957995264423
14.357164191694
65.825971908557
-28.450523647591
253.062181896843
52.756447162310
35.452894172546
189.177079969251
-91.481389876238
174.224498474006
56.917386629220
8.000000000000
-19.278688524590
70.715709147758
-127.451694224806
130.935971870785
-78.317213078785
25.883444175305
-4.442497140448
0.000000000000
82.373731253312
-121.690969518908
318.598933150836
-199.005111353844
163.274570224411
-35.957995264423
0.000000000000
263.303887634229
-85.351570942774
506.124363793686
52.756447162310
0.000000000000
378.354159938503
-91.481389876238
0.000000000000
0.000000000000
-2.754098360656
23.571903049253
-76.471016534884
130.935971870785
-130.528688464642
77.650332525915
-31.097479983136
14.797968330303
0.000000000000
-24.338193903782
159.299466575418
-199.005111353844
326.549140448822
-179.789976322116
86.142985150163
0.000000000000
-28.450523647591
506.124363793686
158.269341486930
141.811576690184
0.000000000000
-91.481389876238
348.448996948012
0.000000000000
0.000000000000
56.000000000000
-115.672131147541
353.578545738788
-509.806776899225
392.807915612354
-156.634426157571
25.883444175305
0.000000000000
0.000000000000
411.868656266558
-486.763878075634
955.796799452507
-398.010222707688
163.274570224411
0.000000000000
0.000000000000
789.911662902688
-170.703141885549
506.124363793686
0.000000000000
0.000000000000
378.354159938503
0.000000000000
0.000000000000
0.000000000000
23.571903049253
-152.942033069767
392.807915612354
-522.114753858570
388.251662629574
-186.584879898815
103.585778312124
0.000000000000
0.000000000000
159.299466575418
-398.010222707688
979.647421346467
-719.159905288463
430.714925750813
0.000000000000
0.000000000000
506.124363793686
316.538682973859
425.434730070551
0.000000000000
0.000000000000
348.448996948012
0.000000000000
0.000000000000
0.000000000000
-19.278688524590
141.431418295515
-382.355082674419
523.743887483138
-391.586065393927
155.300665051830
-31.097479983136
0.000000000000
0.000000000000
-121.690969518908
637.197866301671
-597.015334061533
653.098280897645
-179.789976322116
0.000000000000
0.000000000000
-85.351570942774
1012.248727587372
158.269341486930
0.000000000000
0.000000000000
-91.481389876238
0.000000000000
0.000000000000
0.000000000000
1.849746041288
-4.442497140448
12.941722087652
-26.105737692928
32.733992967696
-25.490338844961
11.785951524626
-2.754098360656
1.000000000000
14.357164191694
-35.957995264423
81.637285112206
-66.335037117948
79.649733287709
-24.338193903782
13.728955208885
35.452894172546
52.756447162310
253.062181896843
-28.450523647591
65.825971908557
174.224498474006
-91.481389876238
189.177079969251
56.917386629220
-4.442497140448
25.883444175305
-78.317213078785
130.935971870785
-127.451694224806
70.715709147758
-19.278688524590
8.000000000000
0.000000000000
-35.957995264423
163.274570224411
-199.005111353844
318.598933150836
-121.690969518908
82.373731253312
0.000000000000
52.756447162310
506.124363793686
-85.351570942774
263.303887634229
0.000000000000
-91.481389876238
378.354159938503
0.000000000000
0.000000000000
14.797968330303
-31.097479983136
77.650332525915
-130.528688464642
130.935971870785
-76.471016534884
23.571903049253
-2.754098360656
0.000000000000
86.142985150163
-179.789976322116
326.549140448822
-199.005111353844
159.299466575418
-24.338193903782
0.000000000000
141.811576690184
158.269341486930
506.124363793686
-28.450523647591
0.000000000000
348.448996948012
-91.481389876238
0.000000000000
0.000000000000
25.883444175305
-156.634426157571
392.807915612354
-509.806776899225
353.578545738788
-115.672131147541
56.000000000000
0.000000000000
0.000000000000
163.274570224411
-398.010222707688
955.796799452507
-486.763878075634
411.868656266558
0.000000000000
0.000000000000
506.124363793686
-170.703141885549
789.911662902688
0.000000000000
0.000000000000
378.354159938503
0.000000000000
0.000000000000
0.000000000000
103.585778312124
-186.584879898815
388.251662629574
-522.114753858570
392.807915612354
-152.942033069767
23.571903049253
0.000000000000
0.000000000000
430.714925750813
-719.159905288463
979.647421346467
-398.010222707688
159.299466575418
0.000000000000
0.000000000000
425.434730070551
316.538682973859
506.124363793686
0.000000000000
0.000000000000
348.448996948012
0.000000000000
0.000000000000
0.000000000000
-31.097479983136
155.300665051830
-391.586065393927
523.743887483138
-382.355082674419
141.431418295515
-19.278688524590
0.000000000000
0.000000000000
-179.789976322116
653.098280897645
-597.015334061533
637.197866301671
-121.690969518908
0.000000000000
0.000000000000
158.269341486930
1012.248727587372
-85.351570942774
0.000000000000
0.000000000000
-91.481389876238
0.000000000000
0.000000000000
0.000000000000
