70000.000000000000
0.330000000000
498.800000000000
0.008900000000
0.285000000000
8.000000000000
25.000000000000
0.999748359923
-2.757337211570
9.618900662990
-19.722713760432
25.285554457086
-20.753346586253
10.701594878110
-3.444209144991
1.146529566504
13.057267666065
-17.322990010332
72.112870825168
-80.702668082076
75.115489208627
-21.317646956497
14.843444980568
57.316759850368
-21.299246453609
184.634099920983
-25.144651691545
64.042609149992
93.827408631703
-1.310824708629
100.830600611404
44.136463768904
7.997986879384
-19.301360480989
57.713403977939
-98.613568802160
101.142217828343
-62.260039758760
21.403189756219
-3.444209144991
0.000000000000
78.343605996393
-86.614950051662
288.451483300674
-242.108004246229
150.230978417254
-21.317646956497
0.000000000000
229.267039401472
-63.897739360828
369.268199841966
-25.144651691545
0.000000000000
187.654817263406
-1.310824708629
0.000000000000
0.000000000000
-2.757337211570
19.237801325980
-59.168141281296
101.142217828343
-103.766732931267
64.209569268658
-24.109464014940
9.172236532034
0.000000000000
-17.322990010332
144.225741650337
-242.108004246229
300.461956834507
-106.588234782485
89.060669883408
0.000000000000
-21.299246453609
369.268199841966
-75.433955074636
256.170436599966
0.000000000000
-1.310824708629
201.661201222807
0.000000000000
0.000000000000
55.985908155690
-115.808162885935
288.567019889697
-394.454275208641
303.426653485028
-124.520079517520
21.403189756219
0.000000000000
0.000000000000
391.718029981964
-346.459800206647
865.354449902021
-484.216008492458
150.230978417254
0.000000000000
0.000000000000
687.801118204415
-127.795478721656
369.268199841966
0.000000000000
0.000000000000
187.654817263406
0.000000000000
0.000000000000
0.000000000000
19.237801325980
-118.336282562592
303.426653485028
-415.066931725066
321.047846343289
-144.656784089639
64.205655724237
0.000000000000
0.000000000000
144.225741650337
-484.216008492458
901.385870503522
-426.352939129941
445.303349417039
0.000000000000
0.000000000000
369.268199841966
-150.867910149272
768.511309799898
0.000000000000
0.000000000000
201.661201222807
0.000000000000
0.000000000000
0.000000000000
-19.301360480989
115.426807955879
-295.840706406481
404.568871313371
-311.300198793800
128.419138537316
-24.109464014940
0.000000000000
0.000000000000
-86.614950051662
576.902966601347
-726.324012738687
600.923913669014
-106.588234782485
0.000000000000
0.000000000000
-63.897739360828
738.536399683931
-75.433955074636
0.000000000000
0.000000000000
-1.310824708629
0.000000000000
0.000000000000
0.000000000000
1.146529566504
-3.444209144991
10.701594878110
-20.753346586253
25.285554457086
-19.722713760432
9.618900662990
-2.757337211570
0.999748359923
14.843444980568
-21.317646956497
75.115489208627
-80.702668082076
72.112870825168
-17.322990010332
13.057267666065
64.042609149992
-25.144651691545
184.634099920983
-21.299246453609
57.316759850368
100.830600611404
-1.310824708629
93.827408631703
44.136463768904
-3.444209144991
21.403189756219
-62.260039758760
101.142217828343
-98.613568802160
57.713403977939
-19.301360480989
7.997986879384
0.000000000000
-21.317646956497
150.230978417254
-242.108004246229
288.451483300674
-86.614950051662
78.343605996393
0.000000000000
-25.144651691545
369.268199841966
-63.897739360828
229.267039401472
0.000000000000
-1.310824708629
187.654817263406
0.000000000000
0.000000000000
9.172236532034
-24.109464014940
64.209569268658
-103.766732931267
101.142217828343
-59.168141281296
19.237801325980
-2.757337211570
0.000000000000
89.060669883408
-106.588234782485
300.461956834507
-242.108004246229
144.225741650337
-17.322990010332
0.000000000000
256.170436599966
-75.433955074636
369.268199841966
-21.299246453609
0.000000000000
201.661201222807
-1.310824708629
0.000000000000
0.000000000000
21.403189756219
-124.520079517520
303.426653485028
-394.454275208641
288.567019889697
-115.808162885935
55.985908155690
0.000000000000
0.000000000000
150.230978417254
-484.216008492458
865.354449902021
-346.459800206647
391.718029981964
0.000000000000
0.000000000000
369.268199841966
-127.795478721656
687.801118204415
0.000000000000
0.000000000000
187.654817263406
0.000000000000
0.000000000000
0.000000000000
64.205655724237
-144.656784089639
321.047846343289
-415.066931725066
303.426653485028
-118.336282562592
19.237801325980
0.000000000000
0.000000000000
445.303349417039
-426.352939129941
901.385870503522
-484.216008492458
144.225741650337
0.000000000000
0.000000000000
768.511309799898
-150.867910149272
369.268199841966
0.000000000000
0.000000000000
201.661201222807
0.000000000000
0.000000000000
0.000000000000
-24.109464014940
128.419138537316
-311.300198793800
404.568871313371
-295.840706406481
115.426807955879
-19.301360480989
0.000000000000
0.000000000000
-106.588234782485
600.923913669014
-726.324012738687
576.902966601347
-86.614950051662
0.000000000000
0.000000000000
-75.433955074636
738.536399683931
-63.897739360828
0.000000000000
0.000000000000
-1.310824708629
0.000000000000
0.000000000000
0.000000000000
