70000.000000000000
0.330000000000
314.980000000000
189.030000000000
12.220000000000
8.000000000000
25.000000000000
1.007617424357
-3.036450527196
9.583261312316
-19.538047731849
26.684647572902
-22.526357282947
12.490173341932
-4.285451341825
1.201729514375
14.590044106006
-23.466576943303
72.256844351080
-86.803939991477
73.530212783590
-29.213696334741
15.035135717160
56.449794593664
-82.340607088461
158.772610363851
-71.294675268467
64.009784220260
106.131055251374
-53.467368152860
105.111218285833
57.353810727149
8.060939394855
-21.255153690372
57.499567873898
-97.690238659244
106.738590291609
-67.579071848842
24.980346683863
-4.285451341825
0.000000000000
87.540264636036
-117.332884716517
289.027377404321
-260.411819974431
147.060425567179
-29.213696334741
0.000000000000
225.799178374655
-247.021821265384
317.545220727702
-71.294675268467
0.000000000000
212.262110502748
-53.467368152860
0.000000000000
0.000000000000
-3.036450527196
19.166522624633
-58.614143195546
106.738590291609
-112.631786414737
74.941040051590
-29.998159392772
9.613836114996
0.000000000000
-23.466576943303
144.513688702161
-260.411819974431
294.120851134358
-146.068481673703
90.210814302957
0.000000000000
-82.340607088461
317.545220727702
-213.884025805400
256.039136881040
0.000000000000
-53.467368152860
210.222436571666
0.000000000000
0.000000000000
56.426575763983
-127.530922142233
287.497839369489
-390.760954636976
320.215770874828
-135.158143697685
24.980346683863
0.000000000000
0.000000000000
437.701323180179
-469.331538866070
867.082132212963
-520.823639948862
147.060425567179
0.000000000000
0.000000000000
677.397535123964
-494.043642530768
317.545220727702
0.000000000000
0.000000000000
212.262110502748
0.000000000000
0.000000000000
0.000000000000
19.166522624633
-117.228286391093
320.215770874828
-450.527145658949
374.705200257950
-179.988956356631
67.296852804972
0.000000000000
0.000000000000
144.513688702161
-520.823639948862
882.362553403075
-584.273926694813
451.054071514786
0.000000000000
0.000000000000
317.545220727702
-427.768051610800
768.117410643119
0.000000000000
0.000000000000
210.222436571666
0.000000000000
0.000000000000
0.000000000000
-21.255153690372
114.999135747796
-293.070715977732
426.954361166437
-337.895359244212
149.882080103180
-29.998159392772
0.000000000000
0.000000000000
-117.332884716517
578.054754808642
-781.235459923293
588.241702268717
-146.068481673703
0.000000000000
0.000000000000
-247.021821265384
635.090441455404
-213.884025805400
0.000000000000
0.000000000000
-53.467368152860
0.000000000000
0.000000000000
0.000000000000
1.201729514375
-4.285451341825
12.490173341932
-22.526357282947
26.684647572902
-19.538047731849
9.583261312316
-3.036450527196
1.007617424357
15.035135717160
-29.213696334741
73.530212783590
-86.803939991477
72.256844351080
-23.466576943303
14.590044106006
64.009784220260
-71.294675268467
158.772610363851
-82.340607088461
56.449794593664
105.111218285833
-53.467368152860
106.131055251374
57.353810727149
-4.285451341825
24.980346683863
-67.579071848842
106.738590291609
-97.690238659244
57.499567873898
-21.255153690372
8.060939394855
0.000000000000
-29.213696334741
147.060425567179
-260.411819974431
289.027377404321
-117.332884716517
87.540264636036
0.000000000000
-71.294675268467
317.545220727702
-247.021821265384
225.799178374655
0.000000000000
-53.467368152860
212.262110502748
0.000000000000
0.000000000000
9.613836114996
-29.998159392772
74.941040051590
-112.631786414737
106.738590291609
-58.614143195546
19.166522624633
-3.036450527196
0.000000000000
90.210814302957
-146.068481673703
294.120851134358
-260.411819974431
144.513688702161
-23.466576943303
0.000000000000
256.039136881040
-213.884025805400
317.545220727702
-82.340607088461
0.000000000000
210.222436571666
-53.467368152860
0.000000000000
0.000000000000
24.980346683863
-135.158143697685
320.215770874828
-390.760954636976
287.497839369489
-127.530922142233
56.426575763983
0.000000000000
0.000000000000
147.060425567179
-520.823639948862
867.082132212963
-469.331538866070
437.701323180179
0.000000000000
0.000000000000
317.545220727702
-494.043642530768
677.397535123964
0.000000000000
0.000000000000
212.262110502748
0.000000000000
0.000000000000
0.000000000000
67.296852804972
-179.988956356631
374.705200257950
-450.527145658949
320.215770874828
-117.228286391093
19.166522624633
0.000000000000
0.000000000000
451.054071514786
-584.273926694813
882.362553403075
-520.823639948862
144.513688702161
0.000000000000
0.000000000000
768.117410643119
-427.768051610800
317.545220727702
0.000000000000
0.000000000000
210.222436571666
0.000000000000
0.000000000000
0.000000000000
-29.998159392772
149.882080103180
-337.895359244212
426.954361166437
-293.070715977732
114.999135747796
-21.255153690372
0.000000000000
0.000000000000
-146.068481673703
588.241702268717
-781.235459923293
578.054754808642
-117.332884716517
0.000000000000
0.000000000000
-213.884025805400
635.090441455404
-247.021821265384
0.000000000000
0.000000000000
-53.467368152860
0.000000000000
0.000000000000
0.000000000000
