70000.000000000000
0.330000000000
498.800000000000
0.008900000000
0.285000000000
8.000000000000
25.000000000000
1.000000000000
-2.757418214415
12.013500582847
-24.925625237491
32.035149780135
-26.211265849983
13.195745201746
-3.265246686887
1.380556059103
9.364472223881
-27.346541341264
97.696732113876
-116.319015821172
102.809353161218
-29.852138424309
11.741991112809
36.198577423910
-104.291683891405
210.657622554073
-108.829109956355
41.339944866162
71.569112932640
-135.295858622910
75.810619657549
59.769880800502
8.000000000000
-19.301927500908
72.081003497082
-124.628126187453
128.140599120539
-78.633797549950
26.391490403492
-3.265246686887
0.000000000000
56.186833343285
-136.732706706322
390.786928455505
-348.957047463517
205.618706322435
-29.852138424309
0.000000000000
144.794309695640
-312.875051674216
421.315245108146
-108.829109956355
0.000000000000
143.138225865280
-135.295858622910
0.000000000000
0.000000000000
-2.757418214415
24.027001165694
-74.776875712472
128.140599120539
-131.056329249917
79.174471210475
-22.856726808211
11.044448472823
0.000000000000
-27.346541341264
195.393464227752
-348.957047463517
411.237412644870
-149.260692121543
70.451946676856
0.000000000000
-104.291683891405
421.315245108146
-326.487329869066
165.359779464647
0.000000000000
-135.295858622910
151.621239315098
0.000000000000
0.000000000000
56.000000000000
-115.811565005450
360.405017485412
-498.512504749814
384.421797361616
-157.267595099901
26.391490403492
0.000000000000
0.000000000000
280.934166716426
-546.930826825290
1172.360785366514
-697.914094927033
205.618706322435
0.000000000000
0.000000000000
434.382929086921
-625.750103348433
421.315245108146
0.000000000000
0.000000000000
143.138225865280
0.000000000000
0.000000000000
0.000000000000
24.027001165694
-149.553751424944
384.421797361616
-524.225316999669
395.872356052374
-137.140360849263
77.311139309763
0.000000000000
0.000000000000
195.393464227752
-697.914094927033
1233.712237934611
-597.042768486172
352.259733384282
0.000000000000
0.000000000000
421.315245108146
-652.974659738133
496.079338393940
0.000000000000
0.000000000000
151.621239315098
0.000000000000
0.000000000000
0.000000000000
-19.301927500908
144.162006994165
-373.884378562360
512.562396482154
-393.168987749751
158.348942420950
-22.856726808211
0.000000000000
0.000000000000
-136.732706706322
781.573856911010
-1046.871142390549
822.474825289741
-149.260692121543
0.000000000000
0.000000000000
-312.875051674216
842.630490216291
-326.487329869066
0.000000000000
0.000000000000
-135.295858622910
0.000000000000
0.000000000000
0.000000000000
1.380556059103
-3.265246686887
13.195745201746
-26.211265849983
32.035149780135
-24.925625237491
12.013500582847
-2.757418214415
1.000000000000
11.741991112809
-29.852138424309
102.809353161218
-116.319015821172
97.696732113876
-27.346541341264
9.364472223881
41.339944866162
-108.829109956355
210.657622554073
-104.291683891405
36.198577423910
75.810619657549
-135.295858622910
71.569112932640
59.769880800502
-3.265246686887
26.391490403492
-78.633797549950
128.140599120539
-124.628126187453
72.081003497082
-19.301927500908
8.000000000000
0.000000000000
-29.852138424309
205.618706322435
-348.957047463517
390.786928455505
-136.732706706322
56.186833343285
0.000000000000
-108.829109956355
421.315245108146
-312.875051674216
144.794309695640
0.000000000000
-135.295858622910
143.138225865280
0.000000000000
0.000000000000
11.044448472823
-22.856726808211
79.174471210475
-131.056329249917
128.140599120539
-74.776875712472
24.027001165694
-2.757418214415
0.000000000000
70.451946676856
-149.260692121543
411.237412644870
-348.957047463517
195.393464227752
-27.346541341264
0.000000000000
165.359779464647
-326.487329869066
421.315245108146
-104.291683891405
0.000000000000
151.621239315098
-135.295858622910
0.000000000000
0.000000000000
26.391490403492
-157.267595099901
384.421797361616
-498.512504749814
360.405017485412
-115.811565005450
56.000000000000
0.000000000000
0.000000000000
205.618706322435
-697.914094927033
1172.360785366514
-546.930826825290
280.934166716426
0.000000000000
0.000000000000
421.315245108146
-625.750103348433
434.382929086921
0.000000000000
0.000000000000
143.138225865280
0.000000000000
0.000000000000
0.000000000000
77.311139309763
-137.140360849263
395.872356052374
-524.225316999669
384.421797361616
-149.553751424944
24.027001165694
0.000000000000
0.000000000000
352.259733384282
-597.042768486172
1233.712237934611
-697.914094927033
195.393464227752
0.000000000000
0.000000000000
496.079338393940
-652.974659738133
421.315245108146
0.000000000000
0.000000000000
151.621239315098
0.000000000000
0.000000000000
0.000000000000
-22.856726808211
158.348942420950
-393.168987749751
512.562396482154
-373.884378562360
144.162006994165
-19.301927500908
0.000000000000
0.000000000000
-149.260692121543
822.474825289741
-1046.871142390549
781.573856911010
-136.732706706322
0.000000000000
0.000000000000
-326.487329869066
842.630490216291
-312.875051674216
0.000000000000
0.000000000000
-135.295858622910
0.000000000000
0.000000000000
0.000000000000
