0.0 34.0066
2.72353 34.0131
5.85287 34.0456
8.57404 34.0975
11.4313 34.1462
13.8803 34.1787
16.7375 34.1884
19.8669 34.1852
22.5881 34.1494
24.901 34.1007
27.078 34.0391
29.391 33.9774
31.5679 33.9222
33.6088 33.8735
36.7381 33.8313
39.7314 33.7988
42.7247 33.7761
45.4459 33.7664
48.9834 33.7761
52.2488 33.7794
55.2421 33.8021
57.8272 33.854
60.2762 33.9125
62.8613 33.9741
65.3104 34.0391
67.6234 34.1007
69.8003 34.143
71.9773 34.1722
74.8345 34.1754
77.8278 34.1689
80.2768 34.1397
83.4062 34.0975
87.2158 34.0878
90.0 34.0845
