70000.000000000000
0.330000000000
330.200000000000
190.000000000000
12.400000000000
8.000000000000
25.000000000000
1.000000000000
-2.320198793042
5.925217236462
-11.715964660414
17.278297265287
-17.070527036454
11.224929830545
-4.113167127859
1.120307045171
13.755094142849
-10.876075428990
44.637235330461
-35.983183897830
47.225279543579
-18.330397166863
11.686984825826
61.227611703517
13.032320123525
117.145213795163
-5.832464968804
42.032084197250
82.605087087696
35.996331265583
60.379580700245
25.371179807808
8.000000000000
-16.241391551296
35.551303418772
-58.579823302069
69.113189061150
-51.211581109361
22.449859661089
-4.113167127859
0.000000000000
82.530564857097
-54.380377144951
178.548941321843
-107.949551693490
94.450559087157
-18.330397166863
0.000000000000
244.910446814069
39.096960370575
234.290427590325
-5.832464968804
0.000000000000
165.210174175392
35.996331265583
0.000000000000
0.000000000000
-2.320198793042
11.850434472924
-35.147893981241
69.113189061150
-85.352635182268
67.349578983268
-28.792169895013
8.962456361364
0.000000000000
-10.876075428990
89.274470660921
-107.949551693490
188.901118174315
-91.651985834316
70.121908954956
0.000000000000
13.032320123525
234.290427590325
-17.497394906412
168.128336789000
0.000000000000
35.996331265583
120.759161400491
0.000000000000
0.000000000000
56.000000000000
-97.448349307774
177.756517093860
-234.319293208275
207.339567183449
-102.423162218722
22.449859661089
0.000000000000
0.000000000000
412.652824285484
-217.521508579804
535.646823965528
-215.899103386980
94.450559087157
0.000000000000
0.000000000000
734.731340442208
78.193920741150
234.290427590325
0.000000000000
0.000000000000
165.210174175392
0.000000000000
0.000000000000
0.000000000000
11.850434472924
-70.295787962483
207.339567183449
-341.410540729073
336.747894916338
-172.753019370080
62.737194529549
0.000000000000
0.000000000000
89.274470660921
-215.899103386980
566.703354522944
-366.607943337263
350.609544774778
0.000000000000
0.000000000000
234.290427590325
-34.994789812824
504.385010366999
0.000000000000
0.000000000000
120.759161400491
0.000000000000
0.000000000000
0.000000000000
-16.241391551296
71.102606837544
-175.739469906206
276.452756244599
-256.057905546805
134.699157966535
-28.792169895013
0.000000000000
0.000000000000
-54.380377144951
357.097882643685
-323.848655080471
377.802236348629
-91.651985834316
0.000000000000
0.000000000000
39.096960370575
468.580855180650
-17.497394906412
0.000000000000
0.000000000000
35.996331265583
0.000000000000
0.000000000000
0.000000000000
1.120307045171
-4.113167127859
11.224929830545
-17.070527036454
17.278297265287
-11.715964660414
5.925217236462
-2.320198793042
1.000000000000
11.686984825826
-18.330397166863
47.225279543579
-35.983183897830
44.637235330461
-10.876075428990
13.755094142849
42.032084197250
-5.832464968804
117.145213795163
13.032320123525
61.227611703517
60.379580700245
35.996331265583
82.605087087696
25.371179807808
-4.113167127859
22.449859661089
-51.211581109361
69.113189061150
-58.579823302069
35.551303418772
-16.241391551296
8.000000000000
0.000000000000
-18.330397166863
94.450559087157
-107.949551693490
178.548941321843
-54.380377144951
82.530564857097
0.000000000000
-5.832464968804
234.290427590325
39.096960370575
244.910446814069
0.000000000000
35.996331265583
165.210174175392
0.000000000000
0.000000000000
8.962456361364
-28.792169895013
67.349578983268
-85.352635182268
69.113189061150
-35.147893981241
11.850434472924
-2.320198793042
0.000000000000
70.121908954956
-91.651985834316
188.901118174315
-107.949551693490
89.274470660921
-10.876075428990
0.000000000000
168.128336789000
-17.497394906412
234.290427590325
13.032320123525
0.000000000000
120.759161400491
35.996331265583
0.000000000000
0.000000000000
22.449859661089
-102.423162218722
207.339567183449
-234.319293208275
177.756517093860
-97.448349307774
56.000000000000
0.000000000000
0.000000000000
94.450559087157
-215.899103386980
535.646823965528
-217.521508579804
412.652824285484
0.000000000000
0.000000000000
234.290427590325
78.193920741150
734.731340442208
0.000000000000
0.000000000000
165.210174175392
0.000000000000
0.000000000000
0.000000000000
62.737194529549
-172.753019370080
336.747894916338
-341.410540729073
207.339567183449
-70.295787962483
11.850434472924
0.000000000000
0.000000000000
350.609544774778
-366.607943337263
566.703354522944
-215.899103386980
89.274470660921
0.000000000000
0.000000000000
504.385010366999
-34.994789812824
234.290427590325
0.000000000000
0.000000000000
120.759161400491
0.000000000000
0.000000000000
0.000000000000
-28.792169895013
134.699157966535
-256.057905546805
276.452756244599
-175.739469906206
71.102606837544
-16.241391551296
0.000000000000
0.000000000000
-91.651985834316
377.802236348629
-323.848655080471
357.097882643685
-54.380377144951
0.000000000000
0.000000000000
-17.497394906412
468.580855180650
39.096960370575
0.000000000000
0.000000000000
35.996331265583
0.000000000000
0.000000000000
0.000000000000
