0.0, 54.5515452363
1.363636315179429, 54.5372219829
2.7272725897807097, 54.5028208722
4.09090885003573, 54.4525058665
5.454545345840725, 54.3918601734
6.818181907590334, 54.3218304051
8.181818820786136, 54.2330453694
9.54545459988053, 54.125662659
10.909090973291791, 54.000829325699996
12.272728318733797, 53.8594685569
13.63636354249342, 53.7076901459
14.999999192541576, 53.5453624286
16.363637012476282, 53.3756479586
17.727273026272897, 53.1995087735
19.0909086383491, 53.0196910076
20.45454549700177, 52.8377826703
21.81818086426437, 52.6548377082
23.181819755070304, 52.4722304238
24.54545496193659, 52.2920887624
25.90908953175111, 52.1161614131
27.27272744292488, 51.9470768004
28.63636363016252, 51.78771854119999
29.999999862718397, 51.6425480151
31.363637060792428, 51.5129744316
32.727270533205, 51.4007592959
34.09091069033653, 51.30743096089999
35.4545461687455, 51.22953446699999
36.818182339394596, 51.1659179172
38.181817944626495, 51.1170403839
39.54545510650984, 51.0846034628
40.90908981301918, 51.06967623919999
42.272727299843645, 51.0728327325
43.636362523758436, 51.0934883864
45.0, 51.1320611813
46.36363747624157, 51.190479148899996
47.727272700156355, 51.2717216111
49.09091018698082, 51.3756668283
50.45454489349016, 51.5022668224
51.818182055373505, 51.651522264099995
53.181817660605404, 51.8230900968
54.545453831254505, 52.0178889661
55.90908930966347, 52.2362850066
57.272729466795, 52.4771269531
58.63636293920758, 52.7389044726
60.0000001372816, 53.019486975899994
61.36363636983748, 53.317225084499995
62.727272557075125, 53.630062808299996
64.0909104682489, 53.955385487499996
65.4545450380634, 54.2901609309
66.81818024492969, 54.6309342525
68.18181913573562, 54.9749616056
69.54545450299824, 55.3184884126
70.90909136165091, 55.6574421802
72.2727269737271, 55.987442965599996
73.63636298752373, 56.305511738
75.00000080745842, 56.6086103019
76.36363645750657, 56.893555611699995
77.7272716812662, 57.156449765199994
79.0909090267082, 57.4005258392
80.45454540011947, 57.6236511357
81.81818117921387, 57.8240730616
83.18181809240967, 57.9942724027
84.54545465415929, 58.129378185
85.90909114996427, 58.240212286399995
87.27272741021929, 58.330961270299994
88.63636368482058, 58.412646199899996
90.0, 58.465562708099995
90.0, 58.465562708099995
91.36363631517942, 58.412646199899996
92.72727258978071, 58.330961270299994
94.09090885003573, 58.240212286399995
95.45454534584071, 58.129378185
96.81818190759033, 57.9942724027
98.18181882078613, 57.8240730616
99.54545459988053, 57.6236511357
100.9090909732918, 57.4005258392
102.2727283187338, 57.156449765199994
103.63636354249343, 56.893555611699995
104.99999919254158, 56.6086103019
106.36363701247627, 56.305511738
107.7272730262729, 55.987442965599996
109.09090863834909, 55.6574421802
110.45454549700176, 55.3184884126
111.81818086426438, 54.9749616056
113.18181975507031, 54.6309342525
114.5454549619366, 54.2901609309
115.9090895317511, 53.955385487499996
117.27272744292488, 53.630062808299996
118.63636363016252, 53.317225084499995
119.9999998627184, 53.019486975899994
121.36363706079243, 52.7389044726
122.727270533205, 52.4771269531
124.09091069033653, 52.2362850066
125.4545461687455, 52.0178889661
126.8181823393946, 51.8230900968
128.1818179446265, 51.651522264099995
129.54545510650985, 51.5022668224
130.9090898130192, 51.3756668283
132.27272729984364, 51.2717216111
133.63636252375844, 51.190479148899996
135.0, 51.1320611813
136.36363747624156, 51.0934883864
137.72727270015636, 51.0728327325
139.0909101869808, 51.06967623919999
140.45454489349015, 51.0846034628
141.8181820553735, 51.1170403839
143.18181766060542, 51.1659179172
144.5454538312545, 51.22953446699999
145.90908930966347, 51.30743096089999
147.272729466795, 51.4007592959
148.63636293920757, 51.5129744316
150.0000001372816, 51.6425480151
151.36363636983748, 51.78771854119999
152.7272725570751, 51.9470768004
154.0909104682489, 52.1161614131
155.4545450380634, 52.2920887624
156.8181802449297, 52.4722304238
158.18181913573562, 52.6548377082
159.54545450299824, 52.8377826703
160.9090913616509, 53.0196910076
162.27272697372712, 53.1995087735
163.6363629875237, 53.3756479586
165.00000080745843, 53.5453624286
166.36363645750657, 53.7076901459
167.7272716812662, 53.8594685569
169.0909090267082, 54.000829325699996
170.45454540011946, 54.125662659
171.81818117921387, 54.2330453694
173.18181809240966, 54.3218304051
174.54545465415927, 54.3918601734
175.90909114996427, 54.4525058665
177.2727274102193, 54.5028208722
178.63636368482057, 54.5372219829
180.0, 54.5515452363
180.0, 54.5515452363
181.36363631517943, 54.5372219829
182.7272725897807, 54.5028208722
184.09090885003573, 54.4525058665
185.45454534584073, 54.3918601734
186.81818190759034, 54.3218304051
188.18181882078613, 54.2330453694
189.54545459988054, 54.125662659
190.9090909732918, 54.000829325699996
192.2727283187338, 53.8594685569
193.63636354249343, 53.7076901459
194.99999919254157, 53.5453624286
196.3636370124763, 53.3756479586
197.72727302627288, 53.1995087735
199.0909086383491, 53.0196910076
200.45454549700176, 52.8377826703
201.81818086426438, 52.6548377082
203.1818197550703, 52.4722304238
204.5454549619366, 52.2920887624
205.9090895317511, 52.1161614131
207.2727274429249, 51.9470768004
208.63636363016252, 51.78771854119999
209.9999998627184, 51.6425480151
211.36363706079243, 51.5129744316
212.727270533205, 51.4007592959
214.09091069033653, 51.30743096089999
215.4545461687455, 51.22953446699999
216.81818233939458, 51.1659179172
218.1818179446265, 51.1170403839
219.54545510650985, 51.0846034628
220.9090898130192, 51.06967623919999
222.27272729984364, 51.0728327325
223.63636252375844, 51.0934883864
225.0, 51.1320611813
226.36363747624156, 51.190479148899996
227.72727270015636, 51.2717216111
229.0909101869808, 51.3756668283
230.45454489349015, 51.5022668224
231.8181820553735, 51.651522264099995
233.18181766060542, 51.8230900968
234.54545383125452, 52.0178889661
235.90908930966347, 52.2362850066
237.272729466795, 52.4771269531
238.63636293920757, 52.7389044726
240.0000001372816, 53.019486975899994
241.36363636983748, 53.317225084499995
242.72727255707514, 53.630062808299996
244.0909104682489, 53.955385487499996
245.4545450380634, 54.2901609309
246.8181802449297, 54.6309342525
248.18181913573562, 54.9749616056
249.54545450299824, 55.3184884126
250.9090913616509, 55.6574421802
252.27272697372712, 55.987442965599996
253.63636298752374, 56.305511738
255.00000080745843, 56.6086103019
256.3636364575066, 56.893555611699995
257.7272716812662, 57.156449765199994
259.09090902670823, 57.4005258392
260.45454540011946, 57.6236511357
261.81818117921387, 57.8240730616
263.1818180924097, 57.9942724027
264.5454546541593, 58.129378185
265.9090911499643, 58.240212286399995
267.2727274102193, 58.330961270299994
268.6363636848206, 58.412646199899996
270.0, 58.465562708099995
270.0, 58.465562708099995
271.3636363151794, 58.412646199899996
272.7272725897807, 58.330961270299994
274.0909088500357, 58.240212286399995
275.4545453458407, 58.129378185
276.8181819075903, 57.9942724027
278.18181882078613, 57.8240730616
279.54545459988054, 57.6236511357
280.90909097329177, 57.4005258392
282.2727283187338, 57.156449765199994
283.6363635424934, 56.893555611699995
284.99999919254157, 56.6086103019
286.36363701247626, 56.305511738
287.7272730262729, 55.987442965599996
289.0909086383491, 55.6574421802
290.45454549700173, 55.3184884126
291.8181808642644, 54.9749616056
293.1818197550703, 54.6309342525
294.54545496193657, 54.2901609309
295.9090895317511, 53.955385487499996
297.27272744292486, 53.630062808299996
298.6363636301625, 53.317225084499995
299.99999986271837, 53.019486975899994
301.3636370607924, 52.7389044726
302.727270533205, 52.4771269531
304.0909106903365, 52.2362850066
305.4545461687455, 52.0178889661
306.8181823393946, 51.8230900968
308.1818179446265, 51.651522264099995
309.54545510650985, 51.5022668224
310.9090898130192, 51.3756668283
312.27272729984367, 51.2717216111
313.6363625237584, 51.190479148899996
315.0, 51.1320611813
316.3636374762416, 51.0934883864
317.72727270015633, 51.0728327325
319.0909101869808, 51.06967623919999
320.45454489349015, 51.0846034628
321.8181820553735, 51.1170403839
323.1818176606054, 51.1659179172
324.5454538312545, 51.22953446699999
325.9090893096635, 51.30743096089999
327.272729466795, 51.4007592959
328.6363629392076, 51.5129744316
330.00000013728163, 51.6425480151
331.3636363698375, 51.78771854119999
332.72727255707514, 51.9470768004
334.09091046824886, 52.1161614131
335.45454503806343, 52.2920887624
336.8181802449297, 52.4722304238
338.1818191357356, 52.6548377082
339.5454545029982, 52.8377826703
340.9090913616509, 53.0196910076
342.2727269737271, 53.1995087735
343.63636298752374, 53.3756479586
345.00000080745843, 53.5453624286
346.3636364575066, 53.7076901459
347.7272716812662, 53.8594685569
349.09090902670823, 54.000829325699996
350.45454540011946, 54.125662659
351.81818117921387, 54.2330453694
353.1818180924097, 54.3218304051
354.5454546541593, 54.3918601734
355.9090911499643, 54.4525058665
357.2727274102193, 54.5028208722
358.6363636848206, 54.5372219829
360.0, 54.5515452363
