70000.000000000000
0.330000000000
478.200000000000
0.006800000000
0.289500000000
8.000000000000
25.000000000000
1.000000000000
-2.478569949617
7.973704399479
-13.436887018589
15.732704692765
-14.730958601555
9.030411913374
-2.942784989027
1.147022289331
22.474555855439
-17.503953392859
70.958890056768
-105.130916190765
89.463310626342
-25.929522670036
25.112816792097
69.460489150954
-77.415199346537
275.099979786524
-78.262680254142
80.796573250523
136.515340824391
-164.541618310642
162.075006400157
78.570876785283
8.000000000000
-17.349989647319
47.842226396876
-67.184435092947
62.930818771061
-44.192875804664
18.060823826749
-2.942784989027
0.000000000000
134.847335132631
-87.519766964297
283.835560227073
-315.392748572294
178.926621252684
-25.929522670036
0.000000000000
277.841956603817
-232.245598039611
550.199959573048
-78.262680254142
0.000000000000
273.030681648782
-164.541618310642
0.000000000000
0.000000000000
-2.478569949617
15.947408798959
-40.310661055768
62.930818771061
-73.654793007773
54.182471480246
-20.599494923190
9.176178314651
0.000000000000
-17.503953392859
141.917780113537
-315.392748572294
357.853242505368
-129.647613350182
150.676900752580
0.000000000000
-77.415199346537
550.199959573048
-234.788040762425
323.186293002094
0.000000000000
-164.541618310642
324.150012800315
0.000000000000
0.000000000000
56.000000000000
-104.099937883912
239.211131984379
-268.737740371788
188.792456313182
-88.385751609328
18.060823826749
0.000000000000
0.000000000000
674.236675663155
-350.079067857187
851.506680681220
-630.785497144587
178.926621252684
0.000000000000
0.000000000000
833.525869811452
-464.491196079222
550.199959573048
0.000000000000
0.000000000000
273.030681648782
0.000000000000
0.000000000000
0.000000000000
15.947408798959
-80.621322111536
188.792456313182
-294.619172031094
270.912357401228
-123.596969539137
64.233248202557
0.000000000000
0.000000000000
141.917780113537
-630.785497144587
1073.559727516103
-518.590453400728
753.384503762899
0.000000000000
0.000000000000
550.199959573048
-469.576081524849
969.558879006282
0.000000000000
0.000000000000
324.150012800315
0.000000000000
0.000000000000
0.000000000000
-17.349989647319
95.684452793752
-201.553305278841
251.723275084243
-220.964379023320
108.364942960491
-20.599494923190
0.000000000000
0.000000000000
-87.519766964297
567.671120454147
-946.178245716881
715.706485010735
-129.647613350182
0.000000000000
0.000000000000
-232.245598039611
1100.399919146096
-234.788040762425
0.000000000000
0.000000000000
-164.541618310642
0.000000000000
0.000000000000
0.000000000000
1.147022289331
-2.942784989027
9.030411913374
-14.730958601555
15.732704692765
-13.436887018589
7.973704399479
-2.478569949617
1.000000000000
25.112816792097
-25.929522670036
89.463310626342
-105.130916190765
70.958890056768
-17.503953392859
22.474555855439
80.796573250523
-78.262680254142
275.099979786524
-77.415199346537
69.460489150954
162.075006400157
-164.541618310642
136.515340824391
78.570876785283
-2.942784989027
18.060823826749
-44.192875804664
62.930818771061
-67.184435092947
47.842226396876
-17.349989647319
8.000000000000
0.000000000000
-25.929522670036
178.926621252684
-315.392748572294
283.835560227073
-87.519766964297
134.847335132631
0.000000000000
-78.262680254142
550.199959573048
-232.245598039611
277.841956603817
0.000000000000
-164.541618310642
273.030681648782
0.000000000000
0.000000000000
9.176178314651
-20.599494923190
54.182471480246
-73.654793007773
62.930818771061
-40.310661055768
15.947408798959
-2.478569949617
0.000000000000
150.676900752580
-129.647613350182
357.853242505368
-315.392748572294
141.917780113537
-17.503953392859
0.000000000000
323.186293002094
-234.788040762425
550.199959573048
-77.415199346537
0.000000000000
324.150012800315
-164.541618310642
0.000000000000
0.000000000000
18.060823826749
-88.385751609328
188.792456313182
-268.737740371788
239.211131984379
-104.099937883912
56.000000000000
0.000000000000
0.000000000000
178.926621252684
-630.785497144587
851.506680681220
-350.079067857187
674.236675663155
0.000000000000
0.000000000000
550.199959573048
-464.491196079222
833.525869811452
0.000000000000
0.000000000000
273.030681648782
0.000000000000
0.000000000000
0.000000000000
64.233248202557
-123.596969539137
270.912357401228
-294.619172031094
188.792456313182
-80.621322111536
15.947408798959
0.000000000000
0.000000000000
753.384503762899
-518.590453400728
1073.559727516103
-630.785497144587
141.917780113537
0.000000000000
0.000000000000
969.558879006282
-469.576081524849
550.199959573048
0.000000000000
0.000000000000
324.150012800315
0.000000000000
0.000000000000
0.000000000000
-20.599494923190
108.364942960491
-220.964379023320
251.723275084243
-201.553305278841
95.684452793752
-17.349989647319
0.000000000000
0.000000000000
-129.647613350182
715.706485010735
-946.178245716881
567.671120454147
-87.519766964297
0.000000000000
0.000000000000
-234.788040762425
1100.399919146096
-232.245598039611
0.000000000000
0.000000000000
-164.541618310642
0.000000000000
0.000000000000
0.000000000000
