70000.000000000000
0.330000000000
474.100000000000
0.002299000000
0.270300000000
6.000000000000
16.000000000000
1.000000000000
-2.068152031455
6.868121692756
-10.559179232252
7.395748240633
-2.496394881633
1.108355020936
14.776642100088
-2.589586969782
6.271731518601
-3.255124509890
17.457821116365
27.153617310650
9.892687851715
27.983218944141
13.513644513646
6.000000000000
-10.340760157274
27.472486771025
-31.677537696757
14.791496481266
-2.496394881633
0.000000000000
59.106568400352
-7.768760909347
12.543463037201
-3.255124509890
0.000000000000
54.307234621300
9.892687851715
0.000000000000
0.000000000000
-2.068152031455
13.736243385512
-31.677537696757
29.582992962532
-12.481974408164
6.650130125614
0.000000000000
-2.589586969782
12.543463037201
-9.765373529671
69.831284465462
0.000000000000
9.892687851715
55.966437888282
0.000000000000
0.000000000000
30.000000000000
-41.363040629096
82.417460313074
-63.355075393513
14.791496481266
0.000000000000
0.000000000000
177.319705201056
-15.537521818694
12.543463037201
0.000000000000
0.000000000000
54.307234621300
0.000000000000
0.000000000000
0.000000000000
13.736243385512
-63.355075393513
88.748978887595
-49.927897632658
33.250650628072
0.000000000000
0.000000000000
12.543463037201
-19.530747059341
209.493853396386
0.000000000000
0.000000000000
55.966437888282
0.000000000000
0.000000000000
0.000000000000
-10.340760157274
54.944973542049
-95.032613090270
59.165985925064
-12.481974408164
0.000000000000
0.000000000000
-7.768760909347
25.086926074402
-9.765373529671
0.000000000000
0.000000000000
9.892687851715
0.000000000000
0.000000000000
0.000000000000
1.108355020936
-2.496394881633
7.395748240633
-10.559179232252
6.868121692756
-2.068152031455
1.000000000000
17.457821116365
-3.255124509890
6.271731518601
-2.589586969782
14.776642100088
27.983218944141
9.892687851715
27.153617310650
13.513644513646
-2.496394881633
14.791496481266
-31.677537696757
27.472486771025
-10.340760157274
6.000000000000
0.000000000000
-3.255124509890
12.543463037201
-7.768760909347
59.106568400352
0.000000000000
9.892687851715
54.307234621300
0.000000000000
0.000000000000
6.650130125614
-12.481974408164
29.582992962532
-31.677537696757
13.736243385512
-2.068152031455
0.000000000000
69.831284465462
-9.765373529671
12.543463037201
-2.589586969782
0.000000000000
55.966437888282
9.892687851715
0.000000000000
0.000000000000
14.791496481266
-63.355075393513
82.417460313074
-41.363040629096
30.000000000000
0.000000000000
0.000000000000
12.543463037201
-15.537521818694
177.319705201056
0.000000000000
0.000000000000
54.307234621300
0.000000000000
0.000000000000
0.000000000000
33.250650628072
-49.927897632658
88.748978887595
-63.355075393513
13.736243385512
0.000000000000
0.000000000000
209.493853396386
-19.530747059341
12.543463037201
0.000000000000
0.000000000000
55.966437888282
0.000000000000
0.000000000000
0.000000000000
-12.481974408164
59.165985925064
-95.032613090270
54.944973542049
-10.340760157274
0.000000000000
0.000000000000
-9.765373529671
25.086926074402
-7.768760909347
0.000000000000
0.000000000000
9.892687851715
0.000000000000
0.000000000000
0.000000000000
