70000.000000000000
0.330000000000
315.210000000000
188.970000000000
12.170000000000
8.000000000000
25.000000000000
1.105806200958
-2.935131599804
9.953567656231
-20.325140523922
25.986809892174
-21.282445952245
10.993281062043
-3.653906909500
1.277169019701
15.560053708873
-23.974611822231
90.937636071005
-105.726257245178
95.676898798155
-29.674525319298
18.100293508137
72.103492359611
-47.964392050638
247.604593389657
-56.703140213970
82.933975669325
119.785341751302
-17.728986041511
132.068142447021
48.976968505882
8.846449607662
-20.545921198627
59.721405937388
-101.625702619609
103.947239568695
-63.847337856734
21.986562124086
-3.653906909500
0.000000000000
93.360322253236
-119.873059111156
363.750544284020
-317.178771735533
191.353797596310
-29.674525319298
0.000000000000
288.413969438445
-143.893176151915
495.209186779315
-56.703140213970
0.000000000000
239.570683502604
-17.728986041511
0.000000000000
0.000000000000
-2.935131599804
19.907135312463
-60.975421571765
103.947239568695
-106.412229761224
65.959686372257
-25.577348366502
10.217352157610
0.000000000000
-23.974611822231
181.875272142010
-317.178771735533
382.707595192620
-148.372626596491
108.601761048824
0.000000000000
-47.964392050638
495.209186779315
-170.109420641909
331.735902677300
0.000000000000
-17.728986041511
264.136284894041
0.000000000000
0.000000000000
61.925147253636
-123.275527191761
298.607029686939
-406.502810478435
311.841718706086
-127.694675713469
21.986562124086
0.000000000000
0.000000000000
466.801611266182
-479.492236444624
1091.251632852061
-634.357543471065
191.353797596310
0.000000000000
0.000000000000
865.241908315336
-287.786352303829
495.209186779315
0.000000000000
0.000000000000
239.570683502604
0.000000000000
0.000000000000
0.000000000000
19.907135312463
-121.950843143530
311.841718706086
-425.648919044897
329.798431861284
-153.464090199011
71.521465103270
0.000000000000
0.000000000000
181.875272142010
-634.357543471065
1148.122785577861
-593.490506385963
543.008805244122
0.000000000000
0.000000000000
495.209186779315
-340.218841283817
995.207708031899
0.000000000000
0.000000000000
264.136284894041
0.000000000000
0.000000000000
0.000000000000
-20.545921198627
119.442811874776
-304.877107858826
415.788958274781
-319.236689283672
131.919372744514
-25.577348366502
0.000000000000
0.000000000000
-119.873059111156
727.501088568041
-951.536315206598
765.415190385241
-148.372626596491
0.000000000000
0.000000000000
-143.893176151915
990.418373558630
-170.109420641909
0.000000000000
0.000000000000
-17.728986041511
0.000000000000
0.000000000000
0.000000000000
1.277169019701
-3.653906909500
10.993281062043
-21.282445952245
25.986809892174
-20.325140523922
9.953567656231
-2.935131599804
1.105806200958
18.100293508137
-29.674525319298
95.676898798155
-105.726257245178
90.937636071005
-23.974611822231
15.560053708873
82.933975669325
-56.703140213970
247.604593389657
-47.964392050638
72.103492359611
132.068142447021
-17.728986041511
119.785341751302
48.976968505882
-3.653906909500
21.986562124086
-63.847337856734
103.947239568695
-101.625702619609
59.721405937388
-20.545921198627
8.846449607662
0.000000000000
-29.674525319298
191.353797596310
-317.178771735533
363.750544284020
-119.873059111156
93.360322253236
0.000000000000
-56.703140213970
495.209186779315
-143.893176151915
288.413969438445
0.000000000000
-17.728986041511
239.570683502604
0.000000000000
0.000000000000
10.217352157610
-25.577348366502
65.959686372257
-106.412229761224
103.947239568695
-60.975421571765
19.907135312463
-2.935131599804
0.000000000000
108.601761048824
-148.372626596491
382.707595192620
-317.178771735533
181.875272142010
-23.974611822231
0.000000000000
331.735902677300
-170.109420641909
495.209186779315
-47.964392050638
0.000000000000
264.136284894041
-17.728986041511
0.000000000000
0.000000000000
21.986562124086
-127.694675713469
311.841718706086
-406.502810478435
298.607029686939
-123.275527191761
61.925147253636
0.000000000000
0.000000000000
191.353797596310
-634.357543471065
1091.251632852061
-479.492236444624
466.801611266182
0.000000000000
0.000000000000
495.209186779315
-287.786352303829
865.241908315336
0.000000000000
0.000000000000
239.570683502604
0.000000000000
0.000000000000
0.000000000000
71.521465103270
-153.464090199011
329.798431861284
-425.648919044897
311.841718706086
-121.950843143530
19.907135312463
0.000000000000
0.000000000000
543.008805244122
-593.490506385963
1148.122785577861
-634.357543471065
181.875272142010
0.000000000000
0.000000000000
995.207708031899
-340.218841283817
495.209186779315
0.000000000000
0.000000000000
264.136284894041
0.000000000000
0.000000000000
0.000000000000
-25.577348366502
131.919372744514
-319.236689283672
415.788958274781
-304.877107858826
119.442811874776
-20.545921198627
0.000000000000
0.000000000000
-148.372626596491
765.415190385241
-951.536315206598
727.501088568041
-119.873059111156
0.000000000000
0.000000000000
-170.109420641909
990.418373558630
-143.893176151915
0.000000000000
0.000000000000
-17.728986041511
0.000000000000
0.000000000000
0.000000000000
