70000.000000000000
0.330000000000
474.100000000000
0.002299000000
0.270300000000
6.000000000000
16.000000000000
1.000000000000
-2.068150000000
3.531770000000
-3.930910000000
3.911070000000
-2.496390000000
1.108350000000
16.412300000000
-7.216570000000
11.925690000000
-5.020310000000
18.229880000000
22.469690000000
17.980910000000
24.431690000000
13.930650000000
6.000000000000
-10.340750000000
14.127080000000
-11.792730000000
7.822140000000
-2.496390000000
0.000000000000
65.649200000000
-21.649710000000
23.851380000000
-5.020310000000
0.000000000000
44.939380000000
17.980910000000
0.000000000000
0.000000000000
-2.068150000000
7.063540000000
-11.792730000000
15.644280000000
-12.481950000000
6.650100000000
0.000000000000
-7.216570000000
23.851380000000
-15.060930000000
72.919520000000
0.000000000000
17.980910000000
48.863380000000
0.000000000000
0.000000000000
30.000000000000
-41.363000000000
42.381240000000
-23.585460000000
7.822140000000
0.000000000000
0.000000000000
196.947600000000
-43.299420000000
23.851380000000
0.000000000000
0.000000000000
44.939380000000
0.000000000000
0.000000000000
0.000000000000
7.063540000000
-23.585460000000
46.932840000000
-49.927800000000
33.250500000000
0.000000000000
0.000000000000
23.851380000000
-30.121860000000
218.758560000000
0.000000000000
0.000000000000
48.863380000000
0.000000000000
0.000000000000
0.000000000000
-10.340750000000
28.254160000000
-35.378190000000
31.288560000000
-12.481950000000
0.000000000000
0.000000000000
-21.649710000000
47.702760000000
-15.060930000000
0.000000000000
0.000000000000
17.980910000000
0.000000000000
0.000000000000
0.000000000000
1.108350000000
-2.496390000000
3.911070000000
-3.930910000000
3.531770000000
-2.068150000000
1.000000000000
18.229880000000
-5.020310000000
11.925690000000
-7.216570000000
16.412300000000
24.431690000000
17.980910000000
22.469690000000
13.930650000000
-2.496390000000
7.822140000000
-11.792730000000
14.127080000000
-10.340750000000
6.000000000000
0.000000000000
-5.020310000000
23.851380000000
-21.649710000000
65.649200000000
0.000000000000
17.980910000000
44.939380000000
0.000000000000
0.000000000000
6.650100000000
-12.481950000000
15.644280000000
-11.792730000000
7.063540000000
-2.068150000000
0.000000000000
72.919520000000
-15.060930000000
23.851380000000
-7.216570000000
0.000000000000
48.863380000000
17.980910000000
0.000000000000
0.000000000000
7.822140000000
-23.585460000000
42.381240000000
-41.363000000000
30.000000000000
0.000000000000
0.000000000000
23.851380000000
-43.299420000000
196.947600000000
0.000000000000
0.000000000000
44.939380000000
0.000000000000
0.000000000000
0.000000000000
33.250500000000
-49.927800000000
46.932840000000
-23.585460000000
7.063540000000
0.000000000000
0.000000000000
218.758560000000
-30.121860000000
23.851380000000
0.000000000000
0.000000000000
48.863380000000
0.000000000000
0.000000000000
0.000000000000
-12.481950000000
31.288560000000
-35.378190000000
28.254160000000
-10.340750000000
0.000000000000
0.000000000000
-15.060930000000
47.702760000000
-21.649710000000
0.000000000000
0.000000000000
17.980910000000
0.000000000000
0.000000000000
0.000000000000
