70000.000000000000
0.330000000000
314.980000000000
189.030000000000
12.220000000000
8.000000000000
25.000000000000
1.010469034173
-2.777682697068
8.018374841270
-16.143060606226
22.246735890101
-19.053455380281
10.712194690709
-3.894652461958
1.297982903350
17.864332001767
-8.289095749314
35.676829731331
-31.849079264880
38.444516523045
-10.240275634419
18.571760957407
86.165740713595
-9.396338749375
129.376824609080
-14.496328771648
89.807826783822
112.446302819415
0.771352920887
119.158793698513
33.862729582881
8.083752273383
-19.443778879475
48.110249047622
-80.715303031130
88.986943560405
-57.160366140844
21.424389381418
-3.894652461958
0.000000000000
107.185992010601
-41.445478746569
142.707318925324
-95.547237794639
76.889033046089
-10.240275634419
0.000000000000
344.662962854379
-28.189016248124
258.753649218161
-14.496328771648
0.000000000000
224.892605638831
0.771352920887
0.000000000000
0.000000000000
-2.777682697068
16.036749682541
-48.429181818678
88.986943560405
-95.267276901406
64.273168144253
-27.262567233705
10.383863226803
0.000000000000
-8.289095749314
71.353659462662
-95.547237794639
153.778066092178
-51.201378172096
111.430565744440
0.000000000000
-9.396338749375
258.753649218161
-43.488986314944
359.231307135287
0.000000000000
0.771352920887
238.317587397027
0.000000000000
0.000000000000
56.586265913683
-116.662673276853
240.551245238111
-322.861212124521
266.960830681214
-114.320732281688
21.424389381418
0.000000000000
0.000000000000
535.929960053004
-165.781914986275
428.121956775972
-191.094475589277
76.889033046089
0.000000000000
0.000000000000
1033.988888563136
-56.378032496248
258.753649218161
0.000000000000
0.000000000000
224.892605638831
0.000000000000
0.000000000000
0.000000000000
16.036749682541
-96.858363637356
266.960830681214
-381.069107605625
321.365840721265
-163.575403402232
72.687042587622
0.000000000000
0.000000000000
71.353659462662
-191.094475589277
461.334198276535
-204.805512688386
557.152828722198
0.000000000000
0.000000000000
258.753649218161
-86.977972629888
1077.693921405860
0.000000000000
0.000000000000
238.317587397027
0.000000000000
0.000000000000
0.000000000000
-19.443778879475
96.220498095244
-242.145909093390
355.947774241618
-285.801830704219
128.546336288506
-27.262567233705
0.000000000000
0.000000000000
-41.445478746569
285.414637850648
-286.641713383916
307.556132184357
-51.201378172096
0.000000000000
0.000000000000
-28.189016248124
517.507298436322
-43.488986314944
0.000000000000
0.000000000000
0.771352920887
0.000000000000
0.000000000000
0.000000000000
1.297982903350
-3.894652461958
10.712194690709
-19.053455380281
22.246735890101
-16.143060606226
8.018374841270
-2.777682697068
1.010469034173
18.571760957407
-10.240275634419
38.444516523045
-31.849079264880
35.676829731331
-8.289095749314
17.864332001767
89.807826783822
-14.496328771648
129.376824609080
-9.396338749375
86.165740713595
119.158793698513
0.771352920887
112.446302819415
33.862729582881
-3.894652461958
21.424389381418
-57.160366140844
88.986943560405
-80.715303031130
48.110249047622
-19.443778879475
8.083752273383
0.000000000000
-10.240275634419
76.889033046089
-95.547237794639
142.707318925324
-41.445478746569
107.185992010601
0.000000000000
-14.496328771648
258.753649218161
-28.189016248124
344.662962854379
0.000000000000
0.771352920887
224.892605638831
0.000000000000
0.000000000000
10.383863226803
-27.262567233705
64.273168144253
-95.267276901406
88.986943560405
-48.429181818678
16.036749682541
-2.777682697068
0.000000000000
111.430565744440
-51.201378172096
153.778066092178
-95.547237794639
71.353659462662
-8.289095749314
0.000000000000
359.231307135287
-43.488986314944
258.753649218161
-9.396338749375
0.000000000000
238.317587397027
0.771352920887
0.000000000000
0.000000000000
21.424389381418
-114.320732281688
266.960830681214
-322.861212124521
240.551245238111
-116.662673276853
56.586265913683
0.000000000000
0.000000000000
76.889033046089
-191.094475589277
428.121956775972
-165.781914986275
535.929960053004
0.000000000000
0.000000000000
258.753649218161
-56.378032496248
1033.988888563136
0.000000000000
0.000000000000
224.892605638831
0.000000000000
0.000000000000
0.000000000000
72.687042587622
-163.575403402232
321.365840721265
-381.069107605625
266.960830681214
-96.858363637356
16.036749682541
0.000000000000
0.000000000000
557.152828722198
-204.805512688386
461.334198276535
-191.094475589277
71.353659462662
0.000000000000
0.000000000000
1077.693921405860
-86.977972629888
258.753649218161
0.000000000000
0.000000000000
238.317587397027
0.000000000000
0.000000000000
0.000000000000
-27.262567233705
128.546336288506
-285.801830704219
355.947774241618
-242.145909093390
96.220498095244
-19.443778879475
0.000000000000
0.000000000000
-51.201378172096
307.556132184357
-286.641713383916
285.414637850648
-41.445478746569
0.000000000000
0.000000000000
-43.488986314944
517.507298436322
-28.189016248124
0.000000000000
0.000000000000
0.771352920887
0.000000000000
0.000000000000
0.000000000000
