70000.000000000000
0.330000000000
478.200000000000
0.006800000000
0.289500000000
8.000000000000
25.000000000000
1.000000000000
-2.478549623376
7.090623132264
-13.350011741395
16.852290814171
-13.605145160032
7.404198183776
-2.611530930020
1.017855204400
11.895271872837
-12.959217791432
40.201197722327
-45.066417019906
43.916369029163
-14.933411027574
12.020464924992
38.586598742287
-51.277558699453
132.069946726895
-56.150132902147
40.476661201395
60.352294562590
-66.328571546782
62.798139673530
35.441360726955
8.000000000000
-17.349847363633
42.543738793584
-66.750058706975
67.409163256686
-40.815435480096
14.808396367552
-2.611530930020
0.000000000000
71.371631237021
-64.796088957162
160.804790889306
-135.199251059717
87.832738058326
-14.933411027574
0.000000000000
154.346394969147
-153.832676098358
264.139893453790
-56.150132902147
0.000000000000
120.704589125180
-66.328571546782
0.000000000000
0.000000000000
-2.478549623376
14.181246264528
-40.050035224185
67.409163256686
-68.025725800160
44.425189102655
-18.280716510137
8.142841635200
0.000000000000
-12.959217791432
80.402395444653
-135.199251059717
175.665476116652
-74.667055137868
72.122789549950
0.000000000000
-51.277558699453
264.139893453790
-168.450398706441
161.906644805579
0.000000000000
-66.328571546782
125.596279347059
0.000000000000
0.000000000000
56.000000000000
-104.099084181798
212.718693967920
-267.000234827899
202.227489770057
-81.630870960192
14.808396367552
0.000000000000
0.000000000000
356.858156185107
-259.184355828647
482.414372667918
-270.398502119433
87.832738058326
0.000000000000
0.000000000000
463.039184907441
-307.665352196715
264.139893453790
0.000000000000
0.000000000000
120.704589125180
0.000000000000
0.000000000000
0.000000000000
14.181246264528
-80.100070448370
202.227489770057
-272.102903200641
222.125945513275
-109.684299060824
56.999891446403
0.000000000000
0.000000000000
80.402395444653
-270.398502119433
526.996428349956
-298.668220551471
360.613947749750
0.000000000000
0.000000000000
264.139893453790
-336.900797412882
485.719934416736
0.000000000000
0.000000000000
125.596279347059
0.000000000000
0.000000000000
0.000000000000
-17.349847363633
85.087477587168
-200.250176120924
269.636653026743
-204.077177400481
88.850378205310
-18.280716510137
0.000000000000
0.000000000000
-64.796088957162
321.609581778612
-405.597753179150
351.330952233304
-74.667055137868
0.000000000000
0.000000000000
-153.832676098358
528.279786907580
-168.450398706441
0.000000000000
0.000000000000
-66.328571546782
0.000000000000
0.000000000000
0.000000000000
1.017855204400
-2.611530930020
7.404198183776
-13.605145160032
16.852290814171
-13.350011741395
7.090623132264
-2.478549623376
1.000000000000
12.020464924992
-14.933411027574
43.916369029163
-45.066417019906
40.201197722327
-12.959217791432
11.895271872837
40.476661201395
-56.150132902147
132.069946726895
-51.277558699453
38.586598742287
62.798139673530
-66.328571546782
60.352294562590
35.441360726955
-2.611530930020
14.808396367552
-40.815435480096
67.409163256686
-66.750058706975
42.543738793584
-17.349847363633
8.000000000000
0.000000000000
-14.933411027574
87.832738058326
-135.199251059717
160.804790889306
-64.796088957162
71.371631237021
0.000000000000
-56.150132902147
264.139893453790
-153.832676098358
154.346394969147
0.000000000000
-66.328571546782
120.704589125180
0.000000000000
0.000000000000
8.142841635200
-18.280716510137
44.425189102655
-68.025725800160
67.409163256686
-40.050035224185
14.181246264528
-2.478549623376
0.000000000000
72.122789549950
-74.667055137868
175.665476116652
-135.199251059717
80.402395444653
-12.959217791432
0.000000000000
161.906644805579
-168.450398706441
264.139893453790
-51.277558699453
0.000000000000
125.596279347059
-66.328571546782
0.000000000000
0.000000000000
14.808396367552
-81.630870960192
202.227489770057
-267.000234827899
212.718693967920
-104.099084181798
56.000000000000
0.000000000000
0.000000000000
87.832738058326
-270.398502119433
482.414372667918
-259.184355828647
356.858156185107
0.000000000000
0.000000000000
264.139893453790
-307.665352196715
463.039184907441
0.000000000000
0.000000000000
120.704589125180
0.000000000000
0.000000000000
0.000000000000
56.999891446403
-109.684299060824
222.125945513275
-272.102903200641
202.227489770057
-80.100070448370
14.181246264528
0.000000000000
0.000000000000
360.613947749750
-298.668220551471
526.996428349956
-270.398502119433
80.402395444653
0.000000000000
0.000000000000
485.719934416736
-336.900797412882
264.139893453790
0.000000000000
0.000000000000
125.596279347059
0.000000000000
0.000000000000
0.000000000000
-18.280716510137
88.850378205310
-204.077177400481
269.636653026743
-200.250176120924
85.087477587168
-17.349847363633
0.000000000000
0.000000000000
-74.667055137868
351.330952233304
-405.597753179150
321.609581778612
-64.796088957162
0.000000000000
0.000000000000
-168.450398706441
528.279786907580
-153.832676098358
0.000000000000
0.000000000000
-66.328571546782
0.000000000000
0.000000000000
0.000000000000
