1 0.383 0.115 -0.003 0.403
2 0.056 -0.009 -0.381 0.304
3 0.227 0.267 -0.015 0.341
4 0.291 -0.294 0.001 0.308
5 0.025 0.336 0.015 0.279
6 0.283 0.186 0.393 0.239
7 0.266 -0.176 0.407 0.231
8 0.082 -0.193 -0.410 0.212
9 0.051 0.185 -0.418 0.207
10 0.554 0.245 -0.386 0.187
11 0.464 0.245 0.399 0.169
12 0.223 -0.274 0.383 0.140
13 0.141 -0.432 -0.028 0.086
14 0.578 0.444 0.006 0.043
15 0.147 0.332 0.338 0.042
16 0.264 -0.329 0.347 -0.013
17 0.057 -0.445 0.027 -0.021
18 0.003 -0.298 -0.384 -0.047
19 0.073 0.435 -0.060 -0.064
20 0.275 0.296 0.370 -0.108
21 0.056 -0.231 0.414 -0.157
22 0.001 -0.282 0.373 -0.145
23 0.058 -0.277 -0.366 -0.165
24 0.264 0.220 -0.402 -0.196
25 0.033 0.273 -0.349 -0.190
26 0.291 0.386 -0.028 -0.194
27 0.482 0.228 0.385 -0.208
28 0.303 -0.349 0.029 -0.262
29 0.081 0.139 -0.402 -0.258
30 0.034 0.117 0.397 -0.273
31 0.317 0.029 0.408 -0.283
32 0.287 -0.065 0.401 -0.284
33 0.210 -0.279 -0.013 -0.332
34 0.463 -0.013 -0.385 -0.300
35 0.228 0.233 -0.016 -0.353
36 0.259 0.152 -0.003 -0.390
37 0.102 0.055 -0.035 -0.409
38 0.166 0.016 0.031 -0.412
