AA6022T4_H_ExptP6_ExptP8_ExptP10
Poly_N degree: 12
------Directional stresses: Theta, Data, Predicted
 0.0, 1.0000, 1.0000
 3.7, 0.9999, 1.0013
 7.5, 1.0000, 1.0028
11.2, 0.9999, 1.0013
15.0, 1.0000, 0.9987
18.8, 1.0015, 0.9990
22.5, 1.0005, 1.0020
26.2, 1.0019, 1.0039
30.0, 1.0010, 1.0011
33.8, 0.9937, 0.9939
37.5, 0.9870, 0.9853
41.2, 0.9800, 0.9782
45.0, 0.9730, 0.9740
48.8, 0.9697, 0.9715
52.5, 0.9675, 0.9682
56.2, 0.9644, 0.9638
60.0, 0.9620, 0.9605
63.8, 0.9602, 0.9596
67.5, 0.9580, 0.9593
71.2, 0.9557, 0.9570
75.0, 0.9540, 0.9536
78.8, 0.9536, 0.9516
82.5, 0.9545, 0.9522
86.2, 0.9547, 0.9541
90.0, 0.9550, 0.9550
------Balanced biaxial stress: Data, Predicted
0.9500, 0.9463
---All stresses square root error: 0.0081
------Directional r-Values: Theta, Data, Predicted
 0.0, 0.8000, 0.8000
 3.7, 0.7942, 0.7804
 7.5, 0.7836, 0.7526
11.2, 0.7607, 0.7522
15.0, 0.7400, 0.7518
18.8, 0.7084, 0.7143
22.5, 0.6588, 0.6541
26.2, 0.6035, 0.5991
30.0, 0.5400, 0.5421
33.8, 0.4732, 0.4741
37.5, 0.4237, 0.4188
41.2, 0.3891, 0.3906
45.0, 0.3700, 0.3767
48.8, 0.3650, 0.3664
52.5, 0.3738, 0.3683
56.2, 0.3890, 0.3877
60.0, 0.4100, 0.4105
63.8, 0.4259, 0.4250
67.5, 0.4384, 0.4388
71.2, 0.4539, 0.4589
75.0, 0.4700, 0.4760
78.8, 0.4918, 0.4855
82.5, 0.5177, 0.5001
86.2, 0.5329, 0.5255
90.0, 0.5400, 0.5400
------Balanced biaxial r-value: Data, Predicted
-0.5190, -0.5283
---All r-values square root error: 0.0458
------Plane strain: qRatio, Theta, Data s_L, Predicted s_L, Data r-value, Predicted r-value
0.4760, 0.0, 1.0960, 1.0939, 0.0, -0.1022
0.5000, 90.0, 0.9780, 0.9909, 0.0, 0.0157
0.5000, 45.0, 1.0190, 1.0209, 0.0, 0.0071
------Convexity check with Hessian leading principal minors: Min(det_1), Min(det_2), Min(det_3)
0.0, -3.517186542012496e-13, -2.4241456064721945e-11
------Convexity check with Gaussian curvature: Min(KG) = 2.0135292917339045e-05
------Polynomial coefficients
1.0
-5.333333333333334
22.485669186235576
-68.61935929170502
143.53902608870806
-211.55034967029806
272.2931644282623
-307.1048837491466
250.85673606014353
-131.34452001256355
41.29001159840354
-7.311623601116751
1.7376389422407092
12.973194218953976
-51.819884455514654
190.9282398770796
-444.89955323476767
770.3293061589465
-594.3148703893936
108.67974585698236
104.85084300478066
72.00181783767194
-112.2599470686353
33.48191719754477
233.57106040486016
-1054.0121250144923
3302.431449283179
-6326.672809926673
8860.24107175418
-7372.2197699198
3641.4361723464103
-523.8739603586259
139.544069508507
-143.62232047484085
469.6560983203499
-1015.7881256490328
2863.134337775491
-1025.1508942504347
-797.4299538816747
537.6175560890354
2086.031128985989
-4745.003365552515
6732.728286771733
-3582.8033304789733
1717.6362081752397
819.8890828919297
-619.2449147255153
896.1052852007878
431.9718179048949
