70000.000000000000
0.330000000000
436.000000000000
222.000000000000
6.750000000000
10.000000000000
36.000000000000
1.000000000000
-4.444444444444
14.238683127572
-29.556470050297
49.230977662619
-61.199704200466
62.399757695830
-47.483360850334
28.993667486583
-11.470840829631
3.271313866228
11.993827160494
-42.644718792867
117.667835187725
-195.849819641315
267.236337931523
-248.237631479527
189.036927251069
-86.835754799895
30.955338516629
57.540755982320
-153.442015952853
355.189851742715
-429.385065217860
450.199482867309
-246.509227952233
117.167966372358
138.026776387219
-245.380935799500
458.953231773140
-311.017811630642
221.744180514439
165.546929950843
-147.152826622972
209.829030554979
79.421650591232
10.000000000000
-40.000000000000
113.909465020576
-206.895290352081
295.385865975715
-305.998521002331
249.599030783320
-142.450082551003
57.987334973167
-11.470840829631
0.000000000000
95.950617283951
-298.513031550069
706.007011126353
-979.249098206574
1068.945351726093
-744.712894438580
378.073854502138
-86.835754799895
0.000000000000
345.244535893919
-767.210079764264
1420.759406970859
-1288.155195653579
900.398965734618
-246.509227952233
0.000000000000
552.107105548876
-736.142807398501
917.906463546279
-311.017811630642
0.000000000000
331.093859901687
-147.152826622972
0.000000000000
0.000000000000
-4.444444444444
28.477366255144
-88.669410150892
196.923910650477
-305.998521002331
374.398546174980
-332.383525952341
231.949339892667
-103.237567466679
32.713138662281
0.000000000000
-42.644718792867
235.335670375451
-587.549458923945
1068.945351726093
-1241.188157397633
1134.221563506415
-607.850283599262
247.642708133033
0.000000000000
-153.442015952853
710.379703485430
-1288.155195653579
1800.797931469237
-1232.546139761167
703.007798234147
0.000000000000
-245.380935799500
917.906463546279
-933.053434891928
886.976722057758
0.000000000000
-147.152826622972
419.658061109957
0.000000000000
0.000000000000
90.000000000000
-320.000000000000
797.366255144033
-1241.371742112483
1476.929329878576
-1223.994084009326
748.797092349961
-284.900165102006
57.987334973167
0.000000000000
0.000000000000
671.654320987654
-1791.078189300412
3530.035055631764
-3916.996392826297
3206.836055178280
-1489.425788877160
378.073854502138
0.000000000000
0.000000000000
1726.222679469593
-3068.840319057056
4262.278220912577
-2576.310391307158
900.398965734618
0.000000000000
0.000000000000
1656.321316646627
-1472.285614797002
917.906463546279
0.000000000000
0.000000000000
331.093859901687
0.000000000000
0.000000000000
0.000000000000
28.477366255144
-177.338820301783
590.771731951430
-1223.994084009326
1871.992730874902
-1994.301155714044
1623.645379248672
-825.900539733429
294.418247960528
0.000000000000
0.000000000000
235.335670375451
-1175.098917847889
3206.836055178280
-4964.752629590534
5671.107817532076
-3647.101701595573
1733.498956931229
0.000000000000
0.000000000000
710.379703485430
-2576.310391307158
5402.393794407711
-4930.184559044666
3515.038991170734
0.000000000000
0.000000000000
917.906463546279
-1866.106869783855
2660.930166173274
0.000000000000
0.000000000000
419.658061109957
0.000000000000
0.000000000000
0.000000000000
-40.000000000000
227.818930041152
-620.685871056241
1181.543463902861
-1529.992605011657
1497.594184699922
-997.150577857022
463.898679785335
-103.237567466679
0.000000000000
0.000000000000
-298.513031550069
1412.014022252706
-2937.747294619723
4275.781406904373
-3723.564472192900
2268.443127012831
-607.850283599262
0.000000000000
0.000000000000
-767.210079764264
2841.518813941718
-3864.465586960737
3601.595862938474
-1232.546139761167
0.000000000000
0.000000000000
-736.142807398501
1835.812927092558
-933.053434891928
0.000000000000
0.000000000000
-147.152826622972
0.000000000000
0.000000000000
0.000000000000
3.271313866228
-11.470840829631
28.993667486583
-47.483360850334
62.399757695830
-61.199704200466
49.230977662619
-29.556470050297
14.238683127572
-4.444444444444
1.000000000000
30.955338516629
-86.835754799895
189.036927251069
-248.237631479527
267.236337931523
-195.849819641315
117.667835187725
-42.644718792867
11.993827160494
117.167966372358
-246.509227952233
450.199482867309
-429.385065217860
355.189851742715
-153.442015952853
57.540755982320
221.744180514439
-311.017811630642
458.953231773140
-245.380935799500
138.026776387219
209.829030554979
-147.152826622972
165.546929950843
79.421650591232
-11.470840829631
57.987334973167
-142.450082551003
249.599030783320
-305.998521002331
295.385865975715
-206.895290352081
113.909465020576
-40.000000000000
10.000000000000
0.000000000000
-86.835754799895
378.073854502138
-744.712894438580
1068.945351726093
-979.249098206574
706.007011126353
-298.513031550069
95.950617283951
0.000000000000
-246.509227952233
900.398965734618
-1288.155195653579
1420.759406970859
-767.210079764264
345.244535893919
0.000000000000
-311.017811630642
917.906463546279
-736.142807398501
552.107105548876
0.000000000000
-147.152826622972
331.093859901687
0.000000000000
0.000000000000
32.713138662281
-103.237567466679
231.949339892667
-332.383525952341
374.398546174980
-305.998521002331
196.923910650477
-88.669410150892
28.477366255144
-4.444444444444
0.000000000000
247.642708133033
-607.850283599262
1134.221563506415
-1241.188157397633
1068.945351726093
-587.549458923945
235.335670375451
-42.644718792867
0.000000000000
703.007798234147
-1232.546139761167
1800.797931469237
-1288.155195653579
710.379703485430
-153.442015952853
0.000000000000
886.976722057758
-933.053434891928
917.906463546279
-245.380935799500
0.000000000000
419.658061109957
-147.152826622972
0.000000000000
0.000000000000
57.987334973167
-284.900165102006
748.797092349961
-1223.994084009326
1476.929329878576
-1241.371742112483
797.366255144033
-320.000000000000
90.000000000000
0.000000000000
0.000000000000
378.073854502138
-1489.425788877160
3206.836055178280
-3916.996392826297
3530.035055631764
-1791.078189300412
671.654320987654
0.000000000000
0.000000000000
900.398965734618
-2576.310391307158
4262.278220912577
-3068.840319057056
1726.222679469593
0.000000000000
0.000000000000
917.906463546279
-1472.285614797002
1656.321316646627
0.000000000000
0.000000000000
331.093859901687
0.000000000000
0.000000000000
0.000000000000
294.418247960528
-825.900539733429
1623.645379248672
-1994.301155714044
1871.992730874902
-1223.994084009326
590.771731951430
-177.338820301783
28.477366255144
0.000000000000
0.000000000000
1733.498956931229
-3647.101701595573
5671.107817532076
-4964.752629590534
3206.836055178280
-1175.098917847889
235.335670375451
0.000000000000
0.000000000000
3515.038991170734
-4930.184559044666
5402.393794407711
-2576.310391307158
710.379703485430
0.000000000000
0.000000000000
2660.930166173274
-1866.106869783855
917.906463546279
0.000000000000
0.000000000000
419.658061109957
0.000000000000
0.000000000000
0.000000000000
-103.237567466679
463.898679785335
-997.150577857022
1497.594184699922
-1529.992605011657
1181.543463902861
-620.685871056241
227.818930041152
-40.000000000000
0.000000000000
0.000000000000
-607.850283599262
2268.443127012831
-3723.564472192900
4275.781406904373
-2937.747294619723
1412.014022252706
-298.513031550069
0.000000000000
0.000000000000
-1232.546139761167
3601.595862938474
-3864.465586960737
2841.518813941718
-767.210079764264
0.000000000000
0.000000000000
-933.053434891928
1835.812927092558
-736.142807398501
0.000000000000
0.000000000000
-147.152826622972
0.000000000000
0.000000000000
0.000000000000
